name,genderRank,divRank,overallRank,bib,division,age,state,country,profession,points,swim,swimDistance,t1,bike,bikeDistance,t2,run,runDistance,overall
Andy Potts,1,1,1,44,PRO,39,CO,USA,---,3500,00:22:48,1.2 mi,00:01:59,02:13:08,56 mi,00:01:34,01:14:34,13.1 mi,03:54:03
Richie Cunningham,2,2,2,2,PRO,43,CO,USA,---,3479,00:24:15,1.2 mi,00:02:06,02:13:41,56 mi,00:01:11,01:13:58,13.1 mi,03:55:11
Jesse Thomas,3,3,3,11,PRO,36,OR,USA,---,3476,00:25:34,1.2 mi,00:02:05,02:12:27,56 mi,00:01:23,01:13:53,13.1 mi,03:55:22
Leon Griffin,4,4,4,9,PRO,36,CO,AUS,---,3446,00:25:37,1.2 mi,00:02:14,02:12:07,56 mi,00:01:11,01:15:54,13.1 mi,03:57:03
Paul Ambrose,5,5,5,5,PRO,32,NSW,AUS,---,3398,00:24:12,1.2 mi,00:02:08,02:13:39,56 mi,00:01:10,01:18:32,13.1 mi,03:59:41
Matt Reed,6,6,6,1,PRO,40,CA,USA,---,3381,00:24:17,1.2 mi,00:02:36,02:15:50,56 mi,00:01:21,01:16:34,13.1 mi,04:00:38
Chris Mcdonald,7,7,7,3,PRO,38,CO,USA,---,3378,00:26:10,1.2 mi,00:02:04,02:13:40,56 mi,00:01:09,01:17:45,13.1 mi,04:00:48
Ben Hoffman,8,8,8,8,PRO,33,CO,USA,---,3366,00:24:42,1.2 mi,00:02:16,02:15:29,56 mi,00:01:26,01:17:36,13.1 mi,04:01:29
Stephen Kilshaw,9,9,9,15,PRO,31,BC,CAN,---,3347,00:26:37,1.2 mi,00:02:47,02:15:56,56 mi,00:01:14,01:15:59,13.1 mi,04:02:33
Matt Lieto,10,10,10,10,PRO,38,OR,USA,---,3345,00:25:33,1.2 mi,00:02:33,02:11:57,56 mi,00:01:17,01:21:17,13.1 mi,04:02:37
Jose Jeuland,11,11,11,35,PRO,34,Intl State,FRA,---,3342,00:26:12,1.2 mi,00:02:20,02:16:51,56 mi,00:01:42,01:15:43,13.1 mi,04:02:48
Mikel Elgezabal,12,12,12,12,PRO,36,---,ESP,---,3304,00:26:25,1.2 mi,00:02:41,02:16:12,56 mi,00:01:35,01:18:01,13.1 mi,04:04:54
Igor Amorelli,13,13,13,32,PRO,31,Santa Catarina,BRA,---,3283,00:25:34,1.2 mi,00:02:28,02:14:43,56 mi,00:01:10,01:22:11,13.1 mi,04:06:06
Christian Kemp,14,14,14,14,PRO,35,NV,USA,---,3277,00:24:17,1.2 mi,00:02:08,02:13:38,56 mi,00:01:10,01:25:11,13.1 mi,04:06:24
Olly Piggin,15,15,15,37,PRO,40,BC,CAN,---,3253,00:26:51,1.2 mi,00:02:35,02:15:50,56 mi,00:01:31,01:20:58,13.1 mi,04:07:45
Nicholas Thompson,16,16,16,31,PRO,34,CA,USA,---,3246,00:26:50,1.2 mi,00:02:36,02:18:30,56 mi,00:01:13,01:19:00,13.1 mi,04:08:09
Grant Burwash,17,17,17,39,PRO,30,AB,CAN,---,3213,00:25:31,1.2 mi,00:02:11,02:25:01,56 mi,00:01:07,01:16:07,13.1 mi,04:09:57
Justin Park,18,18,18,22,PRO,36,GA,USA,---,3210,00:26:19,1.2 mi,00:03:00,02:21:20,56 mi,00:01:13,01:18:16,13.1 mi,04:10:08
Jonathan Shearon,19,19,19,19,PRO,36,AZ,USA,---,3197,00:26:56,1.2 mi,00:02:33,02:17:03,56 mi,00:01:21,01:22:58,13.1 mi,04:10:51
Ryan Cain,20,20,20,43,PRO,35,ON,CAN,---,3174,00:27:19,1.2 mi,00:02:51,02:23:01,56 mi,00:01:15,01:17:41,13.1 mi,04:12:07
Mauro Cavanha Conceigco,21,21,21,27,PRO,31,Intl State,BRA,---,3148,00:24:41,1.2 mi,00:02:28,02:28:56,56 mi,00:01:50,01:15:40,13.1 mi,04:13:35
Chris Bagg,22,22,22,47,PRO,37,OR,USA,---,3143,00:27:07,1.2 mi,00:02:39,02:23:24,56 mi,00:01:42,01:19:01,13.1 mi,04:13:53
Kevin Taddonio,23,23,23,33,PRO,34,CA,USA,---,3140,00:32:51,1.2 mi,00:02:31,02:20:37,56 mi,00:01:06,01:16:57,13.1 mi,04:14:02
Chris Boudreaux,24,24,24,38,PRO,37,OR,USA,---,3135,00:26:47,1.2 mi,00:02:30,02:23:54,56 mi,00:01:20,01:19:48,13.1 mi,04:14:19
Jesse Vondracek,25,25,25,34,PRO,35,AZ,USA,---,3102,00:26:55,1.2 mi,00:02:44,02:22:54,56 mi,00:01:21,01:22:13,13.1 mi,04:16:07
Jim Lubinski,26,26,26,40,PRO,37,CA,USA,---,3092,00:30:54,1.2 mi,00:03:00,02:26:01,56 mi,00:01:24,01:15:22,13.1 mi,04:16:41
Mark Harms,27,1,27,280,35-39,40,WI,USA,---,3500,00:27:49,1.2 mi,00:03:25,02:25:06,56 mi,00:01:44,01:18:40,13.1 mi,04:16:44
Karl Bordine,28,27,28,36,PRO,41,CA,USA,---,3087,00:30:11,1.2 mi,00:02:43,02:15:52,56 mi,00:01:25,01:26:46,13.1 mi,04:16:57
Eric Clarkson,29,28,29,17,PRO,34,CA,USA,---,3086,00:25:34,1.2 mi,00:02:36,02:24:32,56 mi,00:02:00,01:22:18,13.1 mi,04:17:00
Erich Wegscheider,30,29,30,18,PRO,30,CA,USA,---,3086,00:26:47,1.2 mi,00:02:38,02:26:01,56 mi,00:01:08,01:20:28,13.1 mi,04:17:02
Jose Luis Gonzalez Urrutia,31,1,31,873,40-44,44,CL,CHL,---,3500,00:34:05,1.2 mi,00:02:35,02:22:03,56 mi,00:01:29,01:18:32,13.1 mi,04:18:44
Melanie Mcquaid,1,1,32,58,PRO,43,BC,CAN,---,3500,00:28:09,1.2 mi,00:02:23,02:22:44,56 mi,00:01:10,01:24:47,13.1 mi,04:19:13
Gavin Anderson,32,30,33,30,PRO,37,CO,USA,---,3043,00:24:10,1.2 mi,00:02:29,02:19:46,56 mi,00:01:22,01:31:38,13.1 mi,04:19:25
Francisco Gonzalez Urrutia,33,1,34,2715,30-34,35,Intl State,CHL,---,3500,00:30:16,1.2 mi,00:02:52,02:26:35,56 mi,00:01:32,01:18:37,13.1 mi,04:19:52
Robert Skaggs,34,1,35,2546,45-49,50,CA,USA,---,3500,00:27:57,1.2 mi,00:02:42,02:23:43,56 mi,00:01:50,01:24:09,13.1 mi,04:20:21
Keith Butsko,35,1,36,575,25-29,29,CA,USA,---,3500,00:28:55,1.2 mi,00:02:47,02:24:32,56 mi,00:01:28,01:22:41,13.1 mi,04:20:23
Steven Garza,36,31,37,21,PRO,36,CA,USA,---,3004,00:31:17,1.2 mi,00:03:09,02:22:27,56 mi,00:02:00,01:22:43,13.1 mi,04:21:36
Heather Jackson,2,2,38,55,PRO,32,OR,USA,---,3450,00:29:28,1.2 mi,00:02:22,02:28:03,56 mi,00:01:13,01:20:51,13.1 mi,04:21:57
Jeff Fieldhack,37,2,39,840,40-44,47,CA,USA,---,3413,00:28:25,1.2 mi,00:03:33,02:25:24,56 mi,00:01:30,01:24:41,13.1 mi,04:23:33
Meredith Kessler,3,3,40,60,PRO,38,CA,USA,---,3419,00:25:31,1.2 mi,00:02:56,02:28:58,56 mi,00:01:28,01:24:47,13.1 mi,04:23:40
Max Biessmann,38,2,41,567,25-29,31,CA,USA,---,3426,00:26:09,1.2 mi,00:02:32,02:29:29,56 mi,00:01:36,01:24:42,13.1 mi,04:24:28
Ryan Borger,39,32,42,26,PRO,32,CO,USA,---,2945,00:26:08,1.2 mi,00:02:29,02:24:03,56 mi,00:01:21,01:30:50,13.1 mi,04:24:51
Chris Berg,40,3,43,565,25-29,32,CA,USA,---,3415,00:25:53,1.2 mi,00:02:37,02:29:47,56 mi,00:01:35,01:25:12,13.1 mi,04:25:04
Rachel Mcbride,4,4,44,68,PRO,38,BC,CAN,---,3377,00:27:46,1.2 mi,00:02:41,02:26:38,56 mi,00:01:35,01:27:21,13.1 mi,04:26:01
Charlie Karstrom,41,4,45,635,25-29,29,CA,USA,---,3393,00:26:09,1.2 mi,00:02:28,02:27:57,56 mi,00:01:20,01:28:25,13.1 mi,04:26:19
Reilly Smith,42,2,46,2866,30-34,35,CA,USA,---,3368,00:31:30,1.2 mi,00:04:12,02:25:03,56 mi,00:01:55,01:24:30,13.1 mi,04:27:10
Rob Hilton,43,2,47,291,35-39,43,CA,USA,---,3290,00:32:29,1.2 mi,00:03:19,02:26:50,56 mi,00:01:49,01:23:54,13.1 mi,04:28:21
Kevin Coady,44,3,48,201,35-39,41,CA,USA,---,3289,00:34:29,1.2 mi,00:03:48,02:27:25,56 mi,00:02:01,01:20:44,13.1 mi,04:28:27
John Shilt,45,3,49,2861,30-34,37,NC,USA,---,3342,00:30:55,1.2 mi,00:03:11,02:24:57,56 mi,00:01:30,01:28:05,13.1 mi,04:28:38
Mark Pietrofesa,46,2,50,2503,45-49,50,CA,USA,---,3346,00:27:58,1.2 mi,00:03:04,02:23:22,56 mi,00:01:45,01:32:45,13.1 mi,04:28:54
Mark Vermeersch,47,5,51,688,25-29,30,CA,USA,---,3342,00:28:23,1.2 mi,00:02:48,02:30:09,56 mi,00:02:19,01:25:30,13.1 mi,04:29:09
Pierre Billa,48,6,52,568,25-29,32,CA,USA,---,3338,00:27:33,1.2 mi,00:03:04,02:31:14,56 mi,00:01:53,01:25:39,13.1 mi,04:29:23
Felipe Loureiro,49,4,53,345,35-39,40,CA,USA,---,3271,00:27:48,1.2 mi,00:03:09,02:25:13,56 mi,00:01:31,01:31:46,13.1 mi,04:29:27
Linsey Corbin,5,5,54,59,PRO,35,OR,USA,---,3310,00:28:28,1.2 mi,00:02:53,02:30:54,56 mi,00:01:30,01:26:01,13.1 mi,04:29:46
Daniel Rose,50,4,55,2843,30-34,68,CA,USA,---,3320,00:30:03,1.2 mi,00:03:26,02:28:05,56 mi,00:01:58,01:26:19,13.1 mi,04:29:51
C. Scott Chaney,51,3,56,773,40-44,44,CA,USA,---,3292,00:26:31,1.2 mi,00:02:35,02:33:25,56 mi,00:01:18,01:26:28,13.1 mi,04:30:17
Jason Smith,52,33,57,13,PRO,37,CA,USA,---,2846,00:26:41,1.2 mi,00:02:34,02:29:43,56 mi,00:01:23,01:30:02,13.1 mi,04:30:23
Doug Close,53,7,58,582,25-29,32,CA,USA,---,3311,00:32:50,1.2 mi,00:02:57,02:29:42,56 mi,00:01:18,01:24:04,13.1 mi,04:30:51
Markus Mlinar,54,34,59,42,PRO,36,---,AUT,---,2835,00:30:04,1.2 mi,00:02:36,02:23:41,56 mi,00:01:50,01:32:48,13.1 mi,04:30:59
Aaron Zuzack,55,5,60,2918,30-34,37,CA,USA,---,3292,00:29:57,1.2 mi,00:03:07,02:25:01,56 mi,00:01:45,01:31:35,13.1 mi,04:31:25
Paul Perry,56,5,61,400,35-39,39,---,GBR,---,3234,00:32:05,1.2 mi,00:03:06,02:32:57,56 mi,00:01:32,01:21:50,13.1 mi,04:31:30
Kyle Welch,57,1,62,1293,50-54,55,CA,USA,---,3500,00:28:54,1.2 mi,00:03:00,02:29:44,56 mi,00:01:48,01:28:22,13.1 mi,04:31:48
Lesley Paterson,6,6,63,56,PRO,35,CA,USA,---,3272,00:30:51,1.2 mi,00:02:27,02:35:19,56 mi,00:01:17,01:21:56,13.1 mi,04:31:50
Terry Nugent,58,2,64,1278,50-54,54,CO,USA,---,3493,00:30:34,1.2 mi,00:03:41,02:28:38,56 mi,00:01:59,01:27:19,13.1 mi,04:32:11
Richard Blanco,59,4,65,735,40-44,48,CA,USA,---,3252,00:29:41,1.2 mi,00:04:03,02:28:00,56 mi,00:02:25,01:28:20,13.1 mi,04:32:29
Benjamin Ewers,60,5,66,835,40-44,46,CA,USA,---,3249,00:33:10,1.2 mi,00:03:37,02:28:29,56 mi,00:01:25,01:25:57,13.1 mi,04:32:38
Peter Davey,61,6,67,801,40-44,45,NC,USA,---,3248,00:28:30,1.2 mi,00:03:48,02:30:08,56 mi,00:02:35,01:27:41,13.1 mi,04:32:42
Brad Gilson,62,6,68,261,35-39,42,UT,USA,---,3212,00:27:42,1.2 mi,00:03:30,02:24:31,56 mi,00:01:40,01:35:20,13.1 mi,04:32:43
Matthew Dixon,63,6,69,2684,30-34,36,CA,USA,---,3268,00:34:24,1.2 mi,00:02:42,02:28:18,56 mi,00:00:59,01:26:20,13.1 mi,04:32:43
Matt Mcdowell,64,7,70,358,35-39,39,ID,USA,---,3197,00:29:59,1.2 mi,00:03:21,02:29:23,56 mi,00:02:22,01:28:29,13.1 mi,04:33:34
Jason Falcon,65,7,71,2696,30-34,36,WA,USA,---,3253,00:30:57,1.2 mi,00:04:06,02:25:08,56 mi,00:01:53,01:31:30,13.1 mi,04:33:34
Rachel Challis,7,7,72,75,PRO,40,CA,USA,---,3223,00:28:13,1.2 mi,00:02:37,02:33:27,56 mi,00:01:31,01:28:46,13.1 mi,04:34:34
Donald Reeb,66,8,73,421,35-39,42,OR,USA,---,3178,00:37:38,1.2 mi,00:03:00,02:22:22,56 mi,00:02:20,01:29:15,13.1 mi,04:34:35
Ethan Senturia,67,8,74,670,25-29,30,CA,USA,---,3235,00:30:49,1.2 mi,00:03:45,02:30:54,56 mi,00:01:40,01:27:58,13.1 mi,04:35:06
Mac Brown,68,35,75,25,PRO,38,CA,USA,---,2760,00:31:23,1.2 mi,00:02:50,02:28:05,56 mi,00:02:02,01:30:48,13.1 mi,04:35:08
Tom Chapin,69,7,76,775,40-44,45,CA,USA,---,3202,00:31:20,1.2 mi,00:05:28,02:18:44,56 mi,00:02:06,01:37:37,13.1 mi,04:35:15
Beth Gerdes,8,8,77,70,PRO,36,CA,USA,---,3209,00:28:39,1.2 mi,00:03:15,02:41:07,56 mi,00:01:27,01:20:53,13.1 mi,04:35:21
Brian Weaver,70,1,78,124,35-39,43,KS,USA,---,3163,00:30:47,1.2 mi,00:02:46,02:27:47,56 mi,00:01:45,01:32:20,13.1 mi,04:35:25
Rick Crump,71,3,79,2363,45-49,51,CA,USA,---,3224,00:27:10,1.2 mi,00:03:20,02:30:43,56 mi,00:01:49,01:32:38,13.1 mi,04:35:40
Leroy Thomas,72,8,80,1128,40-44,44,CA,USA,---,3194,00:31:15,1.2 mi,00:03:57,02:29:33,56 mi,00:02:23,01:28:33,13.1 mi,04:35:41
Kosuke Amano,73,9,81,52,25-29,32,CO,USA,---,3212,00:25:35,1.2 mi,00:02:59,02:39:25,56 mi,00:01:25,01:26:59,13.1 mi,04:36:23
Oliver Ralph,74,8,82,2830,30-34,34,CA,USA,---,3194,00:32:07,1.2 mi,00:03:15,02:28:47,56 mi,00:01:22,01:31:19,13.1 mi,04:36:50
Russell Avery,75,3,83,1334,50-54,56,CA,USA,---,3406,00:28:35,1.2 mi,00:03:37,02:33:40,56 mi,00:01:32,01:29:36,13.1 mi,04:37:00
Jim Avrea,76,4,84,1302,50-54,55,CA,USA,---,3397,00:28:06,1.2 mi,00:03:41,02:31:51,56 mi,00:02:14,01:31:37,13.1 mi,04:37:29
Greg Penner,77,9,85,1043,40-44,46,---,USA,---,3161,00:28:30,1.2 mi,00:04:07,02:31:34,56 mi,00:02:11,01:31:12,13.1 mi,04:37:34
Ciaran Byrne,78,10,86,756,40-44,44,CA,USA,---,3146,00:35:18,1.2 mi,00:03:51,02:30:52,56 mi,00:01:45,01:26:38,13.1 mi,04:38:24
Cory Donohue,79,10,87,591,25-29,30,NC,USA,---,3172,00:34:36,1.2 mi,00:03:31,02:29:29,56 mi,00:01:57,01:29:02,13.1 mi,04:38:35
Jaimie Roth,80,1,88,543,18-24,56,AB,CAN,---,3500,00:28:14,1.2 mi,00:03:35,02:30:46,56 mi,00:01:58,01:34:06,13.1 mi,04:38:39
Martin Lacasse,81,36,89,28,PRO,42,QC,CAN,---,2695,00:29:37,1.2 mi,00:03:09,02:36:35,56 mi,00:01:26,01:27:59,13.1 mi,04:38:46
Amber Ferreira,9,9,90,72,PRO,34,NH,USA,---,3145,00:28:17,1.2 mi,00:02:41,02:39:37,56 mi,00:01:23,01:26:56,13.1 mi,04:38:54
Brett Miller,82,9,91,364,35-39,38,---,USA,---,3098,00:34:23,1.2 mi,00:03:46,02:32:03,56 mi,00:01:35,01:27:14,13.1 mi,04:39:01
Kyle Visin,83,11,92,689,25-29,33,CA,USA,---,3162,00:28:47,1.2 mi,00:02:28,02:37:17,56 mi,00:01:32,01:29:03,13.1 mi,04:39:07
Haley Cooper-Scott,10,10,93,63,PRO,36,WA,USA,---,3134,00:31:34,1.2 mi,00:02:34,02:36:27,56 mi,00:01:19,01:27:38,13.1 mi,04:39:32
Vincent Matteo,84,4,94,2471,45-49,48,CA,USA,---,3153,00:31:33,1.2 mi,00:04:08,02:30:28,56 mi,00:01:39,01:31:48,13.1 mi,04:39:36
Joby Gutierrez,85,10,95,274,35-39,42,CA,USA,---,3087,00:36:58,1.2 mi,00:02:49,02:35:38,56 mi,00:02:06,01:22:07,13.1 mi,04:39:38
Beth Shutt,11,11,96,64,PRO,37,MA,USA,---,3128,00:31:25,1.2 mi,00:03:05,02:37:06,56 mi,00:01:32,01:26:42,13.1 mi,04:39:50
Andrew Maxwell,86,12,97,644,25-29,31,CO,USA,---,3148,00:29:14,1.2 mi,00:02:48,02:40:24,56 mi,00:01:32,01:25:56,13.1 mi,04:39:54
Richard Sweet,87,5,98,2563,45-49,53,CA,USA,---,3148,00:32:07,1.2 mi,00:04:40,02:30:46,56 mi,00:02:21,01:30:00,13.1 mi,04:39:54
Jake Bartholomy,88,11,99,152,35-39,43,WA,USA,---,3074,00:33:54,1.2 mi,00:03:24,02:37:09,56 mi,00:01:24,01:24:30,13.1 mi,04:40:21
Billy Edwards,89,37,100,23,PRO,38,CO,USA,---,2665,00:31:14,1.2 mi,00:02:14,02:27:29,56 mi,00:01:30,01:37:58,13.1 mi,04:40:25
Adrien Arnulf,90,13,101,558,25-29,31,CA,FRA,---,3139,00:30:34,1.2 mi,00:05:09,02:37:47,56 mi,00:01:48,01:25:08,13.1 mi,04:40:26
Brian Muniz,91,2,102,536,18-24,27,CA,USA,---,3465,00:34:47,1.2 mi,00:04:24,02:31:09,56 mi,00:01:13,01:29:02,13.1 mi,04:40:35
Bryan Rocha,92,3,103,541,18-24,27,CA,USA,---,3464,00:30:23,1.2 mi,00:02:58,02:30:11,56 mi,00:02:13,01:34:54,13.1 mi,04:40:39
Thomas Malone,93,11,104,970,40-44,44,CA,USA,---,3104,00:28:55,1.2 mi,00:03:52,02:37:14,56 mi,00:02:38,01:28:04,13.1 mi,04:40:43
John Poisson,94,5,105,1214,50-54,54,AZ,USA,---,3329,00:29:18,1.2 mi,00:03:38,02:33:25,56 mi,00:01:44,01:33:11,13.1 mi,04:41:16
Matthew Gilmore,95,14,106,616,25-29,33,CA,USA,---,3121,00:31:31,1.2 mi,00:03:36,02:35:19,56 mi,00:01:58,01:29:02,13.1 mi,04:41:26
Dan Beaver,96,12,107,721,40-44,48,AZ,USA,---,3089,00:31:54,1.2 mi,00:05:02,02:37:23,56 mi,00:02:42,01:24:30,13.1 mi,04:41:31
Andrew Callaway,97,15,108,576,25-29,32,CA,USA,---,3119,00:30:12,1.2 mi,00:02:54,02:38:01,56 mi,00:01:12,01:29:14,13.1 mi,04:41:33
Benjamin Lesueur,98,13,109,958,40-44,45,---,USA,---,3088,00:30:14,1.2 mi,00:02:52,02:31:17,56 mi,00:02:25,01:34:47,13.1 mi,04:41:35
Mikael Cars,99,12,110,186,35-39,42,CA,USA,---,3050,00:31:51,1.2 mi,00:04:15,02:31:45,56 mi,00:01:57,01:31:53,13.1 mi,04:41:41
Matthew Duke,100,14,111,818,40-44,45,AZ,USA,---,3085,00:31:24,1.2 mi,00:04:11,02:25:31,56 mi,00:01:25,01:39:15,13.1 mi,04:41:46
Scott Ramirez,101,13,112,417,35-39,40,CA,USA,---,3041,00:37:09,1.2 mi,00:04:04,02:34:50,56 mi,00:02:01,01:24:08,13.1 mi,04:42:12
Eric Bowles,102,16,113,570,25-29,30,CA,USA,---,3103,00:29:30,1.2 mi,00:04:05,02:34:50,56 mi,00:02:08,01:31:51,13.1 mi,04:42:24
Trevor Katelnikoff,103,2,114,120,40-44,45,AB,CAN,---,3051,00:30:36,1.2 mi,00:03:15,02:37:41,56 mi,00:01:58,01:30:09,13.1 mi,04:43:39
Adam Clarke,104,17,115,580,25-29,32,CA,USA,---,3080,00:32:46,1.2 mi,00:03:30,02:37:05,56 mi,00:01:32,01:28:47,13.1 mi,04:43:40
Justin Shakespeare,105,15,116,1093,40-44,44,CA,USA,---,3050,00:26:39,1.2 mi,00:03:50,02:39:30,56 mi,00:01:56,01:31:47,13.1 mi,04:43:42
Adrian Lawson,106,14,117,329,35-39,40,ON,CAN,---,3008,00:37:01,1.2 mi,00:03:51,02:31:41,56 mi,00:01:39,01:29:49,13.1 mi,04:44:01
Chris Masilon,107,16,118,978,40-44,44,CA,USA,---,3044,00:33:11,1.2 mi,00:03:27,02:26:41,56 mi,00:02:01,01:38:42,13.1 mi,04:44:02
Ryan Pearson,108,9,119,2818,30-34,36,CA,USA,---,3059,00:32:59,1.2 mi,00:03:29,02:35:56,56 mi,00:02:07,01:29:49,13.1 mi,04:44:20
Roger Forest,109,17,120,849,40-44,46,CA,USA,---,3037,00:36:19,1.2 mi,00:03:36,02:30:19,56 mi,00:03:42,01:30:30,13.1 mi,04:44:26
Kristen Peterson,12,12,121,71,PRO,30,CO,USA,---,3043,00:26:36,1.2 mi,00:02:30,02:36:01,56 mi,00:01:43,01:37:45,13.1 mi,04:44:35
Charles Reiter,110,10,122,2835,30-34,34,CA,USA,---,3053,00:31:45,1.2 mi,00:03:23,02:36:19,56 mi,00:01:17,01:31:55,13.1 mi,04:44:39
Rory Duckworth,111,18,123,593,25-29,31,UT,USA,---,3060,00:31:40,1.2 mi,00:04:02,02:26:13,56 mi,00:01:46,01:41:06,13.1 mi,04:44:47
Kenneth Glah,112,6,124,2412,45-49,53,PA,USA,---,3059,00:30:32,1.2 mi,00:05:18,02:31:25,56 mi,00:02:17,01:35:18,13.1 mi,04:44:50
Monte Still,113,38,125,49,PRO,45,UT,USA,---,2585,00:27:16,1.2 mi,00:02:50,02:39:42,56 mi,00:02:01,01:33:02,13.1 mi,04:44:51
Jessica Smith,13,13,126,66,PRO,34,CA,USA,---,3037,00:27:46,1.2 mi,00:03:03,02:39:44,56 mi,00:01:36,01:32:47,13.1 mi,04:44:56
Sean Harwin,114,4,127,525,18-24,28,WA,USA,---,3385,00:29:59,1.2 mi,00:03:03,02:34:50,56 mi,00:01:26,01:35:42,13.1 mi,04:45:00
Ronnie Gosnell,115,6,128,1313,50-54,56,CA,USA,---,3259,00:30:17,1.2 mi,00:06:06,02:32:17,56 mi,00:02:27,01:34:02,13.1 mi,04:45:09
Ken Petruzzelli,116,15,129,402,35-39,42,CA,USA,---,2980,00:28:36,1.2 mi,00:03:17,02:38:44,56 mi,00:01:50,01:33:10,13.1 mi,04:45:37
Jeffrey Ku,117,16,130,321,35-39,42,CA,USA,---,2979,00:32:59,1.2 mi,00:03:27,02:35:26,56 mi,00:02:03,01:31:43,13.1 mi,04:45:38
Alex Begg,118,7,131,1184,50-54,53,CA,USA,---,3247,00:27:14,1.2 mi,00:03:50,02:30:26,56 mi,00:01:44,01:42:35,13.1 mi,04:45:49
Matthew Elmore,119,19,132,2919,25-29,29,CA,USA,---,3041,00:27:53,1.2 mi,00:02:38,02:35:47,56 mi,00:01:29,01:38:03,13.1 mi,04:45:50
Thomas Quigley,120,7,133,2509,45-49,49,AZ,USA,---,3040,00:29:09,1.2 mi,00:05:00,02:35:07,56 mi,00:01:47,01:34:50,13.1 mi,04:45:53
Nathan Dressel,121,20,134,592,25-29,32,UT,USA,---,3037,00:27:50,1.2 mi,00:02:45,02:33:51,56 mi,00:01:19,01:40:19,13.1 mi,04:46:04
Mark Ford,122,8,135,1196,50-54,54,CA,USA,---,3242,00:30:14,1.2 mi,00:05:50,02:35:33,56 mi,00:01:50,01:32:40,13.1 mi,04:46:07
Jaimie Roth,123,9,136,1353,50-54,56,AB,CAN,---,3240,00:31:57,1.2 mi,00:04:19,02:27:58,56 mi,00:02:22,01:39:36,13.1 mi,04:46:12
Adrienne Smith,14,1,137,2194,30-34,36,CA,USA,---,3500,00:34:07,1.2 mi,00:02:51,02:36:27,56 mi,00:01:20,01:31:30,13.1 mi,04:46:15
Sam Kuykendall,124,11,138,2762,30-34,38,MO,USA,---,3023,00:26:58,1.2 mi,00:03:24,02:33:09,56 mi,00:02:02,01:40:49,13.1 mi,04:46:22
Rusty Robertson,125,10,139,1219,50-54,53,CA,USA,---,3237,00:30:03,1.2 mi,00:05:07,02:34:44,56 mi,00:04:12,01:32:18,13.1 mi,04:46:24
Rob Gray,126,17,140,269,35-39,40,CO,USA,---,2964,00:34:48,1.2 mi,00:03:55,02:35:07,56 mi,00:01:32,01:31:08,13.1 mi,04:46:30
Dan Foehner,127,18,141,848,40-44,48,CA,USA,---,2989,00:39:47,1.2 mi,00:03:33,02:31:57,56 mi,00:01:51,01:29:58,13.1 mi,04:47:06
Christian Morgeson,128,8,142,2485,45-49,51,CA,USA,---,3016,00:31:52,1.2 mi,00:02:47,02:45:24,56 mi,00:02:23,01:24:46,13.1 mi,04:47:12
Chris Clyde,129,12,143,2663,30-34,37,CO,USA,---,3007,00:33:36,1.2 mi,00:04:27,02:31:45,56 mi,00:02:42,01:34:44,13.1 mi,04:47:14
Kahn Wu,130,13,144,2911,30-34,37,CA,USA,---,3003,00:29:50,1.2 mi,00:03:52,02:35:43,56 mi,00:02:18,01:35:45,13.1 mi,04:47:28
Craig Ward,131,19,145,1156,40-44,47,UT,USA,---,2981,00:31:33,1.2 mi,00:06:24,02:34:38,56 mi,00:05:54,01:29:05,13.1 mi,04:47:34
Ali Black,15,1,146,2002,35-39,40,UT,USA,---,3500,00:35:09,1.2 mi,00:04:09,02:36:31,56 mi,00:01:43,01:30:26,13.1 mi,04:47:58
Gordy Holterman,132,9,147,2431,45-49,50,CA,USA,---,2997,00:30:36,1.2 mi,00:03:43,02:36:14,56 mi,00:03:01,01:34:41,13.1 mi,04:48:15
Dantley Young,133,39,148,20,PRO,31,UT,USA,---,2520,00:30:06,1.2 mi,00:04:06,02:34:48,56 mi,00:03:19,01:36:08,13.1 mi,04:48:27
Sylvain Lebreton,134,18,149,331,35-39,42,AZ,USA,---,2926,00:33:15,1.2 mi,00:03:48,02:37:49,56 mi,00:02:22,01:31:21,13.1 mi,04:48:35
Jan Bretschneider,135,20,150,747,40-44,44,AZ,USA,---,2961,00:34:26,1.2 mi,00:05:18,02:27:33,56 mi,00:04:40,01:36:41,13.1 mi,04:48:38
Airey Baringer,136,14,151,2631,30-34,33,CA,USA,---,2979,00:32:03,1.2 mi,00:03:42,02:17:44,56 mi,00:03:35,01:51:42,13.1 mi,04:48:46
Jonathan Umlor,137,19,152,481,35-39,41,CA,USA,---,2922,00:30:29,1.2 mi,00:04:44,02:40:05,56 mi,00:01:35,01:31:55,13.1 mi,04:48:48
Sarah Jarvis,16,2,153,2203,30-34,35,UT,USA,---,3447,00:32:41,1.2 mi,00:02:53,02:36:37,56 mi,00:01:42,01:35:17,13.1 mi,04:49:10
Doug Christ,138,20,154,192,35-39,39,CA,USA,---,2915,00:31:45,1.2 mi,00:04:52,02:32:30,56 mi,00:01:50,01:38:14,13.1 mi,04:49:11
Kirk Fritz,139,21,155,851,40-44,46,HI,USA,---,2948,00:27:21,1.2 mi,00:03:20,02:35:49,56 mi,00:02:00,01:40:53,13.1 mi,04:49:23
Kristin Lemos,17,14,156,77,PRO,35,MD,USA,---,2956,00:33:59,1.2 mi,00:03:28,02:41:35,56 mi,00:01:47,01:28:36,13.1 mi,04:49:25
Jeff Owen,140,15,157,2815,30-34,35,CA,USA,---,2967,00:26:43,1.2 mi,00:04:33,02:38:14,56 mi,00:02:47,01:37:10,13.1 mi,04:49:27
Guillaume De Zwirek,141,5,158,519,18-24,27,CA,USA,---,3305,00:30:08,1.2 mi,00:03:27,02:36:49,56 mi,00:01:50,01:37:14,13.1 mi,04:49:28
Andrew Wolff,142,21,159,504,35-39,43,CA,USA,---,2910,00:33:41,1.2 mi,00:03:53,02:38:18,56 mi,00:02:23,01:31:14,13.1 mi,04:49:29
Jim Berklas,143,22,160,728,40-44,45,CT,USA,---,2941,00:33:23,1.2 mi,00:04:21,02:40:28,56 mi,00:02:47,01:28:47,13.1 mi,04:49:46
Chris Bayley,144,22,161,157,35-39,39,AB,CAN,---,2902,00:31:46,1.2 mi,00:04:25,02:36:24,56 mi,00:02:26,01:34:55,13.1 mi,04:49:56
Chris Liou,145,10,162,2460,45-49,48,CA,USA,---,2966,00:32:11,1.2 mi,00:04:42,02:35:19,56 mi,00:01:48,01:35:58,13.1 mi,04:49:58
Casey Mckinney,146,23,163,988,40-44,45,CO,USA,---,2934,00:35:41,1.2 mi,00:04:01,02:35:27,56 mi,00:02:16,01:32:43,13.1 mi,04:50:08
Ross Lamb,147,24,164,949,40-44,44,CA,USA,---,2933,00:30:05,1.2 mi,00:04:34,02:33:59,56 mi,00:02:41,01:38:53,13.1 mi,04:50:12
Kevin Sullivan,148,11,165,1228,50-54,54,CA,USA,---,3163,00:35:36,1.2 mi,00:04:48,02:31:19,56 mi,00:02:28,01:36:18,13.1 mi,04:50:29
James Adams,149,16,166,2610,30-34,37,CA,USA,---,2946,00:37:04,1.2 mi,00:03:43,02:43:13,56 mi,00:03:08,01:23:29,13.1 mi,04:50:37
Dustyn Severns,150,23,167,451,35-39,41,CA,USA,---,2888,00:34:17,1.2 mi,00:04:16,02:36:08,56 mi,00:01:32,01:34:31,13.1 mi,04:50:44
Pete Feldman,151,11,168,2391,45-49,51,CA,USA,---,2948,00:33:53,1.2 mi,00:03:33,02:40:23,56 mi,00:02:00,01:31:11,13.1 mi,04:51:00
Kathleen Calkins,18,15,169,74,PRO,41,CA,USA,---,2926,00:30:52,1.2 mi,00:02:57,02:43:49,56 mi,00:01:45,01:31:41,13.1 mi,04:51:04
Felix Prümmer,152,24,170,413,35-39,41,CH,USA,---,2879,00:31:18,1.2 mi,00:04:36,02:32:23,56 mi,00:02:25,01:40:31,13.1 mi,04:51:13
Gary Auten,153,12,171,2308,45-49,49,CA,USA,---,2943,00:32:06,1.2 mi,00:05:07,02:40:36,56 mi,00:03:26,01:30:01,13.1 mi,04:51:16
Blake Foster,154,21,172,608,25-29,29,CA,USA,---,2940,00:34:12,1.2 mi,00:04:53,02:39:49,56 mi,00:01:29,01:31:05,13.1 mi,04:51:28
Carlos Mendoza,155,13,173,2480,45-49,50,AZ,USA,---,2939,00:34:47,1.2 mi,00:04:20,02:37:00,56 mi,00:02:17,01:33:04,13.1 mi,04:51:28
Philip Regnier,156,14,174,2517,45-49,50,CO,USA,---,2939,00:39:21,1.2 mi,00:04:59,02:36:55,56 mi,00:02:05,01:28:11,13.1 mi,04:51:31
Luke Rothey,157,25,175,434,35-39,41,UT,USA,---,2867,00:33:09,1.2 mi,00:03:59,02:42:33,56 mi,00:02:28,01:29:45,13.1 mi,04:51:54
Keith Jamtaas,158,17,176,2748,30-34,37,CA,USA,---,2923,00:33:27,1.2 mi,00:03:24,02:27:04,56 mi,00:01:54,01:46:05,13.1 mi,04:51:54
Matthew Mccutchen,159,25,177,985,40-44,45,CA,USA,---,2902,00:30:01,1.2 mi,00:05:47,02:40:26,56 mi,00:02:32,01:33:11,13.1 mi,04:51:57
Jose Forcelledo,160,22,178,606,25-29,32,Intl State,MEX,---,2925,00:34:57,1.2 mi,00:02:40,02:38:34,56 mi,00:01:44,01:34:24,13.1 mi,04:52:19
David Jewell,161,15,179,2437,45-49,52,CA,USA,---,2921,00:33:01,1.2 mi,00:03:18,02:37:04,56 mi,00:03:22,01:35:43,13.1 mi,04:52:28
Bruce Wilson,162,12,180,1362,50-54,53,CO,USA,---,3126,00:35:17,1.2 mi,00:03:51,02:34:51,56 mi,00:02:03,01:36:31,13.1 mi,04:52:33
Katya Meyers,19,16,181,78,PRO,36,CA,USA,---,2898,00:33:47,1.2 mi,00:03:11,02:43:07,56 mi,00:02:05,01:30:29,13.1 mi,04:52:39
Bob Pugh,163,13,182,1216,50-54,53,PA,USA,---,3121,00:26:33,1.2 mi,00:03:43,02:38:33,56 mi,00:01:41,01:42:21,13.1 mi,04:52:51
Dan Cadriel,164,16,183,2341,45-49,52,AZ,USA,---,2913,00:36:19,1.2 mi,00:04:09,02:38:16,56 mi,00:02:23,01:31:49,13.1 mi,04:52:56
Rick Sivertson,165,26,184,1097,40-44,48,---,USA,---,2882,00:27:32,1.2 mi,00:04:10,02:43:42,56 mi,00:02:59,01:34:41,13.1 mi,04:53:04
John Czajkowski,166,17,185,2365,45-49,50,CA,USA,---,2908,00:37:52,1.2 mi,00:03:24,02:33:31,56 mi,00:02:09,01:36:17,13.1 mi,04:53:13
Jose Pena,167,27,186,1042,40-44,46,CA,USA,---,2875,00:38:12,1.2 mi,00:03:48,02:36:48,56 mi,00:03:03,01:31:34,13.1 mi,04:53:25
Brady Murray,168,18,187,2799,30-34,38,UT,USA,---,2894,00:38:00,1.2 mi,00:03:29,02:37:52,56 mi,00:01:52,01:32:16,13.1 mi,04:53:29
Klas Kuntze,169,19,188,2761,30-34,37,AZ,USA,---,2890,00:35:49,1.2 mi,00:03:51,02:37:39,56 mi,00:02:00,01:34:25,13.1 mi,04:53:44
Jeff Tomaszewski,170,26,189,475,35-39,41,CA,USA,---,2831,00:41:00,1.2 mi,00:05:12,02:39:34,56 mi,00:03:31,01:24:35,13.1 mi,04:53:52
Rogelio Castaneda,171,28,190,772,40-44,45,CA,USA,---,2866,00:31:40,1.2 mi,00:05:29,02:41:26,56 mi,00:02:42,01:32:39,13.1 mi,04:53:56
Kay Marschke,172,18,191,2469,45-49,50,FL,USA,---,2894,00:28:32,1.2 mi,00:03:44,02:40:25,56 mi,00:03:05,01:38:12,13.1 mi,04:53:58
Graham Christensen,173,27,192,193,35-39,43,ID,USA,---,2828,00:36:58,1.2 mi,00:04:10,02:37:30,56 mi,00:03:04,01:32:19,13.1 mi,04:54:01
Chris Davis,174,29,193,802,40-44,44,CA,USA,---,2862,00:27:27,1.2 mi,00:04:15,02:42:32,56 mi,00:02:38,01:37:17,13.1 mi,04:54:09
Gilbert Amthor,175,14,194,1241,50-54,54,CA,USA,---,3097,00:30:52,1.2 mi,00:05:10,02:34:28,56 mi,00:02:47,01:40:53,13.1 mi,04:54:10
Timothy Bell,176,19,195,2319,45-49,51,CA,USA,---,2891,00:32:00,1.2 mi,00:05:24,02:38:14,56 mi,00:03:13,01:35:19,13.1 mi,04:54:10
Patrik Outericky,177,28,196,390,35-39,39,CA,USA,---,2825,00:35:31,1.2 mi,00:03:18,02:30:49,56 mi,00:02:09,01:42:25,13.1 mi,04:54:12
Brian Devlin,178,20,197,2680,30-34,36,ID,USA,---,2881,00:33:56,1.2 mi,00:03:45,02:42:19,56 mi,00:02:14,01:31:59,13.1 mi,04:54:13
William Jones,179,20,198,2440,45-49,50,AZ,USA,---,2888,00:33:54,1.2 mi,00:04:45,02:41:44,56 mi,00:03:10,01:30:45,13.1 mi,04:54:18
Cathleen Knutson,20,3,199,2211,30-34,34,WA,USA,---,3354,00:35:38,1.2 mi,00:03:45,02:41:21,56 mi,00:01:35,01:32:01,13.1 mi,04:54:20
Marcelo Camacho,180,21,200,2651,30-34,37,São Paulo/SP,BRA,---,2867,00:29:31,1.2 mi,00:04:36,02:43:06,56 mi,00:02:47,01:34:59,13.1 mi,04:54:59
Victor Garibay,181,29,201,253,35-39,42,CA,USA,---,2811,00:35:01,1.2 mi,00:03:41,02:33:00,56 mi,00:02:21,01:40:57,13.1 mi,04:55:00
Dan Egoroff,182,21,202,2385,45-49,49,CA,USA,---,2875,00:34:55,1.2 mi,00:04:48,02:31:45,56 mi,00:03:15,01:40:20,13.1 mi,04:55:03
Doug Patriquin,183,30,203,394,35-39,40,AZ,USA,---,2809,00:36:45,1.2 mi,00:04:09,02:38:23,56 mi,00:02:55,01:32:55,13.1 mi,04:55:07
Ben Bruno,184,30,204,750,40-44,46,MN,USA,---,2845,00:38:51,1.2 mi,00:04:10,02:34:52,56 mi,00:01:52,01:35:22,13.1 mi,04:55:07
Eric Schafer,185,31,205,1088,40-44,47,CA,USA,---,2842,00:35:18,1.2 mi,00:04:41,02:37:36,56 mi,00:02:36,01:35:06,13.1 mi,04:55:17
Trish Deim,21,17,206,69,PRO,36,ID,USA,---,2850,00:33:43,1.2 mi,00:03:55,02:40:27,56 mi,00:01:57,01:35:17,13.1 mi,04:55:19
Wayne Delport,186,31,207,216,35-39,41,CA,USA,---,2804,00:29:36,1.2 mi,00:03:27,02:42:27,56 mi,00:01:52,01:37:59,13.1 mi,04:55:21
Mathieu Davy,187,22,208,2677,30-34,35,---,GBR,---,2861,00:37:08,1.2 mi,00:04:40,02:33:34,56 mi,00:01:48,01:38:11,13.1 mi,04:55:21
Glenn Olsen,188,32,209,1021,40-44,47,MD,USA,---,2839,00:36:05,1.2 mi,00:05:15,02:28:13,56 mi,00:01:29,01:44:25,13.1 mi,04:55:27
Rebecca Travis,22,4,210,2256,30-34,35,CA,USA,---,3333,00:30:37,1.2 mi,00:03:34,02:41:13,56 mi,00:01:29,01:38:37,13.1 mi,04:55:30
Emil Blevins,189,33,211,736,40-44,44,CA,USA,---,2837,00:30:39,1.2 mi,00:05:30,02:40:52,56 mi,00:04:40,01:33:52,13.1 mi,04:55:33
Matt Alder,190,32,212,131,35-39,42,CA,USA,---,2799,00:27:26,1.2 mi,00:03:29,02:44:40,56 mi,00:01:52,01:38:12,13.1 mi,04:55:39
Tim Neuschwander,191,23,213,2804,30-34,38,CA,USA,---,2855,00:30:41,1.2 mi,00:02:58,02:32:11,56 mi,00:02:22,01:47:30,13.1 mi,04:55:42
Ben Dame,192,24,214,2674,30-34,36,WA,USA,---,2850,00:45:06,1.2 mi,00:04:24,02:34:21,56 mi,00:02:32,01:29:34,13.1 mi,04:55:57
Pike Reardon,193,22,215,2515,45-49,52,NV,USA,---,2858,00:34:02,1.2 mi,00:03:21,02:51:15,56 mi,00:02:46,01:24:35,13.1 mi,04:55:59
Hiroshi Natsu,194,33,216,376,35-39,39,California,MEX,---,2792,00:32:31,1.2 mi,00:04:09,02:38:20,56 mi,00:01:40,01:39:22,13.1 mi,04:56:02
Dalton Fayad,195,34,217,239,35-39,41,SK,CAN,---,2792,00:34:41,1.2 mi,00:06:04,02:35:53,56 mi,00:04:19,01:35:07,13.1 mi,04:56:04
Travis King,196,23,218,636,25-29,31,CA,USA,---,2857,00:28:23,1.2 mi,00:04:34,02:39:25,56 mi,00:02:23,01:41:20,13.1 mi,04:56:05
Allan Wright,197,1,219,1425,55-59,58,OR,USA,---,3500,00:28:37,1.2 mi,00:04:06,02:27:32,56 mi,00:04:16,01:51:42,13.1 mi,04:56:13
Christopher Zylak,198,34,220,1178,40-44,47,WA,USA,---,2821,00:34:58,1.2 mi,00:04:29,02:37:04,56 mi,00:02:37,01:37:17,13.1 mi,04:56:25
Oliver Weber,199,23,221,2592,45-49,49,CA,USA,---,2849,00:34:00,1.2 mi,00:04:53,02:32:49,56 mi,00:02:13,01:42:34,13.1 mi,04:56:29
Jennifer Luebke,23,18,222,67,PRO,30,OR,USA,---,2827,00:27:44,1.2 mi,00:02:54,02:38:06,56 mi,00:01:51,01:46:01,13.1 mi,04:56:36
Rod Matteri,200,24,223,2472,45-49,50,CA,USA,---,2847,00:36:19,1.2 mi,00:04:19,02:39:27,56 mi,00:02:43,01:33:48,13.1 mi,04:56:36
Juan Araya,201,25,224,2619,30-34,35,CA,USA,---,2837,00:34:50,1.2 mi,00:05:18,02:35:50,56 mi,00:03:18,01:37:23,13.1 mi,04:56:39
Nick Baughan,202,35,225,719,40-44,48,PA,USA,---,2815,00:33:26,1.2 mi,00:04:50,02:39:34,56 mi,00:02:03,01:36:53,13.1 mi,04:56:46
Brian Scott,203,35,226,449,35-39,42,CO,USA,---,2777,00:34:00,1.2 mi,00:03:58,02:41:03,56 mi,00:02:28,01:35:23,13.1 mi,04:56:52
Brett Brown,204,24,227,572,25-29,32,CA,USA,---,2842,00:25:51,1.2 mi,00:03:19,02:49:26,56 mi,00:04:48,01:33:32,13.1 mi,04:56:56
John Romais,205,26,228,2842,30-34,35,CA,USA,---,2827,00:32:46,1.2 mi,00:03:46,02:46:26,56 mi,00:01:43,01:32:34,13.1 mi,04:57:15
Kevin Shrive,206,27,229,2862,30-34,33,CA,USA,---,2825,00:33:48,1.2 mi,00:04:16,02:30:53,56 mi,00:03:09,01:45:15,13.1 mi,04:57:21
Giulio Innocenti Jimenez,207,36,230,298,35-39,43,---,CHL,---,2765,00:37:22,1.2 mi,00:03:43,02:39:04,56 mi,00:01:37,01:35:46,13.1 mi,04:57:32
Christine Scott,24,5,231,2145,30-34,34,CA,USA,---,3296,00:30:39,1.2 mi,00:03:40,02:42:22,56 mi,00:01:38,01:39:13,13.1 mi,04:57:32
Ruben Pichardo,208,36,232,1053,40-44,48,Qro,MEX,---,2799,00:32:42,1.2 mi,00:05:06,02:37:33,56 mi,00:02:26,01:39:52,13.1 mi,04:57:39
Matthew Ardine,209,25,233,557,25-29,32,CA,USA,---,2827,00:36:42,1.2 mi,00:03:01,02:37:29,56 mi,00:02:51,01:37:41,13.1 mi,04:57:44
Marco Nicoli,210,37,234,378,35-39,43,CA,USA,---,2761,00:34:00,1.2 mi,00:04:47,02:41:21,56 mi,00:04:05,01:33:33,13.1 mi,04:57:46
Jeremy Stromsoe,211,26,235,683,25-29,31,CA,USA,---,2826,00:32:58,1.2 mi,00:04:09,02:39:51,56 mi,00:01:47,01:39:02,13.1 mi,04:57:47
Charles Mcavoy,212,28,236,2786,30-34,36,CA,USA,---,2812,00:37:57,1.2 mi,00:03:47,02:39:31,56 mi,00:02:08,01:34:40,13.1 mi,04:58:03
Joe Yanda,213,38,237,508,35-39,40,WI,USA,---,2754,00:30:15,1.2 mi,00:03:27,02:42:32,56 mi,00:02:22,01:39:32,13.1 mi,04:58:08
Katie Kyme,25,6,238,2214,30-34,35,CA,USA,---,3285,00:31:17,1.2 mi,00:03:11,02:40:21,56 mi,00:01:48,01:41:33,13.1 mi,04:58:10
Stephen Sanderson,214,37,239,1086,40-44,47,AZ,USA,---,2789,00:35:46,1.2 mi,00:04:55,02:37:56,56 mi,00:02:30,01:37:07,13.1 mi,04:58:14
Brian Phillips,215,39,240,403,35-39,42,CA,USA,---,2742,00:36:49,1.2 mi,00:04:06,02:35:08,56 mi,00:01:39,01:41:06,13.1 mi,04:58:48
Bodie Olmos,216,40,241,384,35-39,41,CA,USA,---,2739,00:33:46,1.2 mi,00:02:28,02:39:46,56 mi,00:02:49,01:40:10,13.1 mi,04:58:59
Fernando Cordoba,217,38,242,790,40-44,45,---,MEX,---,2769,00:30:24,1.2 mi,00:04:50,02:43:44,56 mi,00:02:26,01:37:55,13.1 mi,04:59:19
Jason Matzen,218,41,243,356,35-39,38,CA,USA,---,2731,00:33:24,1.2 mi,00:03:03,02:44:49,56 mi,00:01:13,01:36:57,13.1 mi,04:59:26
Steve Acuna,219,27,244,553,25-29,33,CO,USA,---,2796,00:33:43,1.2 mi,00:05:09,02:41:59,56 mi,00:02:52,01:35:45,13.1 mi,04:59:28
Jon Brown,220,2,245,1487,55-59,63,NM,USA,---,3441,00:33:56,1.2 mi,00:04:39,02:38:43,56 mi,00:02:47,01:39:24,13.1 mi,04:59:29
Laura Coombs,26,1,246,1849,25-29,32,OR,USA,---,3500,00:27:40,1.2 mi,00:02:59,02:49:58,56 mi,00:02:31,01:36:25,13.1 mi,04:59:33
David Hsu,221,39,247,907,40-44,48,WA,USA,---,2765,00:33:11,1.2 mi,00:05:04,02:37:23,56 mi,00:03:35,01:40:21,13.1 mi,04:59:34
Maxime Leclercq,222,42,248,332,35-39,40,CA,USA,---,2722,00:35:27,1.2 mi,00:03:38,02:46:29,56 mi,00:02:51,01:31:30,13.1 mi,04:59:55
Charles Whalen,223,15,249,1294,50-54,54,NY,USA,---,2992,00:36:20,1.2 mi,00:04:40,02:42:59,56 mi,00:01:41,01:34:19,13.1 mi,04:59:59
Mike Davis,224,40,250,803,40-44,46,NV,USA,---,2756,00:34:35,1.2 mi,00:04:46,02:39:47,56 mi,00:02:21,01:38:34,13.1 mi,05:00:03
Paul Todd,225,41,251,1130,40-44,44,CA,USA,---,2752,00:33:42,1.2 mi,00:02:49,02:40:54,56 mi,00:01:29,01:41:21,13.1 mi,05:00:15
Robert Jensen,226,42,252,916,40-44,45,CA,USA,---,2749,00:35:33,1.2 mi,00:03:47,02:45:11,56 mi,00:02:11,01:33:44,13.1 mi,05:00:26
Maury Blackman,227,3,253,118,40-44,48,CA,USA,---,2748,00:34:39,1.2 mi,00:04:01,02:35:21,56 mi,00:02:02,01:44:25,13.1 mi,05:00:28
David Rogowski,228,25,254,2525,45-49,48,TX,USA,---,2777,00:29:04,1.2 mi,00:06:48,02:49:17,56 mi,00:02:09,01:33:12,13.1 mi,05:00:30
Al Torre,229,16,255,1358,50-54,57,CA,USA,---,2983,00:34:54,1.2 mi,00:03:22,02:42:35,56 mi,00:01:57,01:37:43,13.1 mi,05:00:31
Steve Fung,230,43,256,852,40-44,44,CA,USA,---,2747,00:36:54,1.2 mi,00:04:17,02:38:42,56 mi,00:02:55,01:37:46,13.1 mi,05:00:34
Dan Rusert,231,29,257,2848,30-34,37,CA,USA,---,2767,00:36:17,1.2 mi,00:05:33,02:47:25,56 mi,00:03:35,01:27:45,13.1 mi,05:00:35
Eric Blain,232,28,258,569,25-29,33,CA,USA,---,2774,00:34:02,1.2 mi,00:04:02,02:35:37,56 mi,00:08:22,01:38:40,13.1 mi,05:00:43
David Reiley,233,44,259,1066,40-44,43,CA,USA,---,2742,00:38:44,1.2 mi,00:04:58,02:43:14,56 mi,00:02:07,01:31:47,13.1 mi,05:00:50
Herman Vandecasteele,234,45,260,1140,40-44,44,UT,USA,---,2737,00:36:19,1.2 mi,00:04:37,02:35:28,56 mi,00:05:40,01:39:01,13.1 mi,05:01:05
Erik Ahroon,235,30,261,2612,30-34,37,CA,USA,---,2754,00:31:05,1.2 mi,00:04:41,02:47:08,56 mi,00:02:18,01:36:05,13.1 mi,05:01:17
Anna Frick,27,2,262,2019,35-39,40,CA,USA,---,3257,00:33:53,1.2 mi,00:03:26,02:39:09,56 mi,00:01:39,01:43:19,13.1 mi,05:01:26
Martin Coronado,236,31,263,2670,30-34,33,CA,USA,---,2751,00:43:28,1.2 mi,00:08:12,02:39:34,56 mi,00:02:07,01:28:07,13.1 mi,05:01:28
Grant Hayzlett,237,32,264,2732,30-34,38,AZ,USA,---,2750,00:35:57,1.2 mi,00:04:11,02:37:37,56 mi,00:01:50,01:41:57,13.1 mi,05:01:32
Alicia King,28,7,265,2207,30-34,37,WA,USA,---,3223,00:41:21,1.2 mi,00:04:20,02:51:24,56 mi,00:02:11,01:22:20,13.1 mi,05:01:36
Dirk Ross,238,43,266,433,35-39,---,AZ,USA,---,2690,00:37:14,1.2 mi,00:04:27,02:38:39,56 mi,00:02:58,01:38:24,13.1 mi,05:01:42
Nate Kredich,239,46,267,946,40-44,47,CA,USA,---,2726,00:32:24,1.2 mi,00:05:11,02:43:28,56 mi,00:01:58,01:38:43,13.1 mi,05:01:44
Amelia Mccracken,29,2,268,1873,25-29,33,PA,USA,---,3458,00:35:06,1.2 mi,00:03:52,02:46:06,56 mi,00:02:21,01:34:28,13.1 mi,05:01:53
Brian Leighton,240,17,269,1272,50-54,55,CA,USA,---,2955,00:32:06,1.2 mi,00:05:24,02:32:45,56 mi,00:03:42,01:48:06,13.1 mi,05:02:03
Robert Jones,241,47,270,920,40-44,43,UT,USA,---,2714,00:39:20,1.2 mi,00:05:16,02:34:42,56 mi,00:04:47,01:38:17,13.1 mi,05:02:22
Bernard Maillet,242,18,271,1275,50-54,55,AB,CAN,---,2949,00:31:58,1.2 mi,00:06:45,02:43:57,56 mi,00:04:59,01:34:45,13.1 mi,05:02:24
Jayson Rohletter,243,6,272,542,18-24,26,CA,USA,---,3063,00:29:42,1.2 mi,00:03:00,02:51:15,56 mi,00:03:22,01:35:36,13.1 mi,05:02:55
Steve Hazlett,244,26,273,2425,45-49,51,CA,USA,---,2732,00:31:20,1.2 mi,00:05:01,02:39:22,56 mi,00:02:30,01:44:46,13.1 mi,05:02:59
Jose German Menendez Gomez,245,44,274,363,35-39,39,Intl State,MEX,---,2666,00:37:29,1.2 mi,00:06:21,02:39:37,56 mi,00:03:14,01:36:21,13.1 mi,05:03:02
Cameron Mackay,246,29,275,641,25-29,31,BC,CAN,---,2729,00:34:23,1.2 mi,00:03:31,02:41:19,56 mi,00:01:29,01:42:28,13.1 mi,05:03:10
Luis Garcia,247,30,276,613,25-29,32,CA,USA,---,2729,00:40:43,1.2 mi,00:04:16,02:41:45,56 mi,00:02:33,01:33:54,13.1 mi,05:03:11
Mark Stoner,248,3,277,1446,55-59,60,CA,USA,---,3374,00:32:57,1.2 mi,00:04:10,02:35:53,56 mi,00:01:59,01:48:12,13.1 mi,05:03:11
Nace Mullen,249,4,278,1440,55-59,59,PA,USA,---,3374,00:34:02,1.2 mi,00:04:34,02:41:52,56 mi,00:02:16,01:40:29,13.1 mi,05:03:13
Riikka Aramo,30,1,279,1573,40-44,46,CA,USA,---,3500,00:30:16,1.2 mi,00:03:39,02:48:02,56 mi,00:01:50,01:39:35,13.1 mi,05:03:22
Branden Turley,250,33,280,2881,30-34,34,AZ,USA,---,2717,00:34:46,1.2 mi,00:03:48,02:39:23,56 mi,00:01:14,01:44:11,13.1 mi,05:03:22
Chris Heslin,251,45,281,285,35-39,40,CA,USA,---,2660,00:32:15,1.2 mi,00:03:12,02:44:18,56 mi,00:02:25,01:41:13,13.1 mi,05:03:23
Jeff Wruble,252,34,282,2910,30-34,34,AZ,USA,---,2711,00:36:31,1.2 mi,00:04:02,02:39:25,56 mi,00:01:48,01:41:54,13.1 mi,05:03:40
Shawn O'shea,253,46,283,389,35-39,42,CA,USA,---,2654,00:35:16,1.2 mi,00:03:54,02:36:57,56 mi,00:01:32,01:46:03,13.1 mi,05:03:42
Alan Sakal,254,19,284,1379,50-54,57,CA,USA,---,2924,00:37:03,1.2 mi,00:05:05,02:42:21,56 mi,00:02:05,01:37:13,13.1 mi,05:03:47
Michael Wares,255,5,285,1421,55-59,58,AZ,USA,---,3362,00:34:09,1.2 mi,00:03:43,02:43:05,56 mi,00:01:28,01:41:27,13.1 mi,05:03:52
Michael Coughlan,256,35,286,2671,30-34,36,CA,USA,---,2704,00:37:30,1.2 mi,00:04:18,02:44:16,56 mi,00:03:30,01:34:31,13.1 mi,05:04:05
Petr Novodvorskiy,257,31,287,652,25-29,33,WA,USA,---,2712,00:42:02,1.2 mi,00:04:42,02:37:24,56 mi,00:03:16,01:36:44,13.1 mi,05:04:08
Michael Ditolla,258,27,288,2375,45-49,51,CA,USA,---,2710,00:36:18,1.2 mi,00:05:36,02:41:20,56 mi,00:01:51,01:39:08,13.1 mi,05:04:13
Kevin Lewallen,259,47,289,338,35-39,41,CA,USA,---,2644,00:35:58,1.2 mi,00:05:31,02:40:31,56 mi,00:02:43,01:39:32,13.1 mi,05:04:15
Jamie Arnold,260,20,290,1332,50-54,56,ON,CAN,---,2915,00:30:30,1.2 mi,00:04:32,02:42:55,56 mi,00:02:48,01:43:30,13.1 mi,05:04:15
Derek Liou,261,48,291,961,40-44,44,CA,USA,---,2679,00:34:35,1.2 mi,00:04:24,02:41:06,56 mi,00:01:36,01:42:38,13.1 mi,05:04:19
Janie White,31,1,292,1972,50-54,57,AZ,USA,---,3500,00:39:44,1.2 mi,00:03:52,02:36:17,56 mi,00:02:12,01:42:33,13.1 mi,05:04:38
Ben Vanmarcke,262,48,293,486,35-39,40,CA,USA,---,2636,00:44:01,1.2 mi,00:05:48,02:33:52,56 mi,00:01:46,01:39:14,13.1 mi,05:04:41
Michael Connor,263,32,294,586,25-29,30,CA,USA,---,2701,00:39:43,1.2 mi,00:04:28,02:45:46,56 mi,00:02:55,01:31:53,13.1 mi,05:04:45
Chad Bidart,264,49,295,730,40-44,44,NV,USA,---,2671,00:34:41,1.2 mi,00:04:02,02:39:05,56 mi,00:02:06,01:44:52,13.1 mi,05:04:46
Eric Mackie,265,36,296,2777,30-34,35,CA,USA,---,2690,00:40:18,1.2 mi,00:04:37,02:39:04,56 mi,00:02:11,01:38:39,13.1 mi,05:04:49
Todd James,266,50,297,2924,40-44,46,CA,USA,---,2668,00:38:02,1.2 mi,00:09:39,02:38:46,56 mi,00:02:37,01:35:52,13.1 mi,05:04:56
Megan Monroy,32,3,298,1876,25-29,33,CA,USA,---,3398,00:31:27,1.2 mi,00:03:07,02:39:16,56 mi,00:01:50,01:49:33,13.1 mi,05:05:13
Michael Swain,267,21,299,1382,50-54,57,NM,USA,---,2897,00:35:02,1.2 mi,00:04:39,02:41:21,56 mi,00:02:16,01:41:57,13.1 mi,05:05:15
John Smith,268,51,300,1105,40-44,48,CA,USA,---,2662,00:35:07,1.2 mi,00:05:03,02:46:07,56 mi,00:02:07,01:36:53,13.1 mi,05:05:17
Francisco Islas,269,37,301,2745,30-34,36,DF,MEX,---,2681,00:36:45,1.2 mi,00:04:48,02:41:42,56 mi,00:02:33,01:39:32,13.1 mi,05:05:20
Robin Watson,33,8,302,2263,30-34,37,AZ,USA,---,3155,00:29:31,1.2 mi,00:03:36,02:48:29,56 mi,00:01:27,01:42:20,13.1 mi,05:05:23
Xavier Cany,270,52,303,765,40-44,43,CA,USA,---,2659,00:35:46,1.2 mi,00:07:02,02:40:30,56 mi,00:02:27,01:39:40,13.1 mi,05:05:25
Don Chapin,271,38,304,2658,30-34,34,CA,USA,---,2679,00:42:23,1.2 mi,00:05:01,02:39:23,56 mi,00:02:08,01:36:33,13.1 mi,05:05:28
Jeff Vicario,272,53,305,1143,40-44,45,CA,USA,---,2658,00:43:01,1.2 mi,00:04:31,02:43:44,56 mi,00:01:52,01:32:21,13.1 mi,05:05:29
Jeff Mundy,273,49,306,371,35-39,40,CA,USA,---,2621,00:32:51,1.2 mi,00:02:47,02:48:42,56 mi,00:01:38,01:39:35,13.1 mi,05:05:33
Kevin Frank,274,39,307,2705,30-34,35,CA,USA,---,2677,00:35:57,1.2 mi,00:04:09,02:37:46,56 mi,00:01:35,01:46:06,13.1 mi,05:05:33
Jim Wu,275,50,308,505,35-39,40,OH,USA,---,2620,00:43:30,1.2 mi,00:04:18,02:41:26,56 mi,00:01:32,01:34:49,13.1 mi,05:05:35
Rj Snyder,276,33,309,675,25-29,29,CA,USA,---,2684,00:30:11,1.2 mi,00:05:30,02:47:22,56 mi,00:04:20,01:38:17,13.1 mi,05:05:40
Ian Forrest,277,34,310,607,25-29,32,CA,USA,---,2678,00:30:42,1.2 mi,00:06:22,02:40:11,56 mi,00:01:59,01:46:49,13.1 mi,05:06:03
Redfield Baum,278,54,311,720,40-44,44,AZ,USA,---,2642,00:31:11,1.2 mi,00:03:55,02:46:16,56 mi,00:02:07,01:42:54,13.1 mi,05:06:23
John Hamel,279,55,312,887,40-44,46,CA,USA,---,2641,00:33:04,1.2 mi,00:03:49,02:42:11,56 mi,00:02:24,01:44:57,13.1 mi,05:06:25
John Layton,280,56,313,953,40-44,46,CA,USA,---,2640,00:41:14,1.2 mi,00:05:17,02:33:48,56 mi,00:03:04,01:43:07,13.1 mi,05:06:30
Antonio Marques,281,22,314,1346,50-54,57,CA,USA,---,2874,00:34:44,1.2 mi,00:03:47,02:37:57,56 mi,00:01:57,01:48:07,13.1 mi,05:06:32
Richard Schwartz,282,40,315,2856,30-34,33,CA,USA,---,2658,00:33:23,1.2 mi,00:04:10,02:44:31,56 mi,00:01:56,01:42:36,13.1 mi,05:06:36
Brad Van Dalen,283,51,316,485,35-39,43,CA,USA,---,2602,00:41:33,1.2 mi,00:05:16,02:37:12,56 mi,00:02:39,01:39:57,13.1 mi,05:06:37
Matt Whalen,284,41,317,2896,30-34,37,CA,USA,---,2655,00:32:33,1.2 mi,00:04:10,02:44:19,56 mi,00:01:54,01:43:51,13.1 mi,05:06:47
John Aspinall,285,42,318,2624,30-34,35,CA,USA,---,2655,00:40:15,1.2 mi,00:03:26,02:41:38,56 mi,00:01:52,01:39:37,13.1 mi,05:06:48
Nick Gaitan,286,7,319,524,18-24,28,UT,USA,---,2992,00:40:53,1.2 mi,00:07:16,02:44:27,56 mi,00:04:45,01:29:29,13.1 mi,05:06:50
Todd Helman,287,52,320,284,35-39,42,WA,USA,---,2595,00:38:29,1.2 mi,00:06:57,02:46:16,56 mi,00:02:21,01:32:55,13.1 mi,05:06:58
Samantha Mazer,34,4,321,1872,25-29,31,WA,USA,---,3365,00:32:13,1.2 mi,00:03:02,02:52:58,56 mi,00:02:51,01:35:57,13.1 mi,05:07:01
Aaron James,288,35,322,631,25-29,31,CA,USA,---,2658,00:30:07,1.2 mi,00:03:41,02:34:31,56 mi,00:02:32,01:56:18,13.1 mi,05:07:09
Toby Anderson,289,6,323,1449,55-59,61,CA,USA,---,3301,00:34:25,1.2 mi,00:04:24,02:45:35,56 mi,00:03:05,01:39:45,13.1 mi,05:07:14
Kenneth Blakeley,290,7,324,1426,55-59,59,CA,USA,---,3300,00:32:07,1.2 mi,00:04:25,02:45:17,56 mi,00:02:27,01:43:01,13.1 mi,05:07:17
Randall Cole,291,53,325,203,35-39,41,CO,USA,---,2585,00:37:34,1.2 mi,00:07:46,02:42:26,56 mi,00:01:57,01:37:51,13.1 mi,05:07:34
Sue Meno,35,2,326,1643,40-44,46,AZ,USA,---,3419,00:35:08,1.2 mi,00:04:04,02:52:15,56 mi,00:02:07,01:34:18,13.1 mi,05:07:52
Britni Bakk,36,1,327,1721,45-49,49,---,USA,---,3500,00:33:07,1.2 mi,00:03:03,02:46:27,56 mi,00:01:17,01:43:59,13.1 mi,05:07:53
Michael Sheils,292,57,328,1094,40-44,47,CA,USA,---,2611,00:38:07,1.2 mi,00:04:43,02:48:54,56 mi,00:01:56,01:34:25,13.1 mi,05:08:05
Scott Perrine,293,58,329,1046,40-44,48,AZ,USA,---,2609,00:37:42,1.2 mi,00:05:25,02:41:24,56 mi,00:03:32,01:40:11,13.1 mi,05:08:14
Lisa Fong,37,9,330,2178,30-34,33,CA,USA,---,3104,00:27:16,1.2 mi,00:03:45,02:47:03,56 mi,00:01:55,01:48:15,13.1 mi,05:08:14
Emanuela Bandol,38,10,331,2144,30-34,37,---,CAN,---,3103,00:30:51,1.2 mi,00:03:21,02:44:30,56 mi,00:03:08,01:46:27,13.1 mi,05:08:17
Jennifer Walker,39,3,332,2130,35-39,41,CA,USA,---,3133,00:39:51,1.2 mi,00:04:21,02:44:41,56 mi,00:02:34,01:36:53,13.1 mi,05:08:20
Debbie Fritzer,40,2,333,1745,45-49,52,CA,USA,---,3490,00:31:07,1.2 mi,00:04:58,02:46:16,56 mi,00:03:25,01:42:40,13.1 mi,05:08:26
Daniel Fung,294,43,334,2706,30-34,35,CA,USA,---,2625,00:31:07,1.2 mi,00:05:29,02:49:48,56 mi,00:04:15,01:37:48,13.1 mi,05:08:27
Steven Aurousseau,295,28,335,2307,45-49,49,CA,USA,---,2633,00:35:45,1.2 mi,00:04:03,02:36:45,56 mi,00:02:02,01:49:54,13.1 mi,05:08:29
Brian Harris,296,44,336,2729,30-34,38,AZ,USA,---,2624,00:33:16,1.2 mi,00:03:52,02:47:14,56 mi,00:02:42,01:41:25,13.1 mi,05:08:29
Mario Serrano,297,45,337,2860,30-34,36,---,MEX,---,2624,00:34:02,1.2 mi,00:04:01,02:49:49,56 mi,00:02:00,01:38:37,13.1 mi,05:08:29
Roy Perkins,298,29,338,2501,45-49,49,CA,USA,---,2631,00:35:50,1.2 mi,00:05:50,02:36:59,56 mi,00:02:49,01:47:07,13.1 mi,05:08:35
Mariajose Lopez,41,5,339,1870,25-29,29,---,MEX,---,3333,00:35:03,1.2 mi,00:03:47,02:49:24,56 mi,00:02:02,01:38:32,13.1 mi,05:08:48
Kevin Curtis,299,30,340,2364,45-49,49,CO,USA,---,2627,00:35:37,1.2 mi,00:03:12,02:45:40,56 mi,00:03:27,01:40:54,13.1 mi,05:08:50
Anthony Rudd,300,36,341,664,25-29,30,CA,USA,---,2626,00:36:39,1.2 mi,00:04:58,02:42:54,56 mi,00:01:52,01:42:32,13.1 mi,05:08:55
Michael Dobransky,301,46,342,2686,30-34,35,CA,USA,---,2615,00:34:56,1.2 mi,00:04:33,02:44:44,56 mi,00:03:52,01:40:55,13.1 mi,05:09:00
Michael Johnston,302,1,343,115,PC,33,CA,USA,---,3500,00:34:54,1.2 mi,00:05:05,02:47:07,56 mi,00:02:36,01:39:25,13.1 mi,05:09:07
Bill Lyons,303,54,344,350,35-39,41,CO,USA,---,2557,00:39:15,1.2 mi,00:04:37,02:46:00,56 mi,00:02:46,01:36:29,13.1 mi,05:09:07
Bryce Williams,304,47,345,2899,30-34,37,CA,USA,---,2612,00:38:02,1.2 mi,00:04:54,02:50:15,56 mi,00:04:13,01:31:45,13.1 mi,05:09:09
Tom O'Byrne,305,59,346,1020,40-44,46,CA,USA,---,2591,00:35:23,1.2 mi,00:04:23,02:40:07,56 mi,00:02:46,01:46:32,13.1 mi,05:09:11
John Ackell,306,31,347,2297,45-49,53,CA,USA,---,2619,00:29:10,1.2 mi,00:05:47,02:43:40,56 mi,00:02:26,01:48:13,13.1 mi,05:09:16
Stephen Hiatt,307,32,348,2427,45-49,51,UT,USA,---,2619,00:35:29,1.2 mi,00:04:41,02:50:26,56 mi,00:02:23,01:36:17,13.1 mi,05:09:16
Terry Crocker,308,33,349,2360,45-49,50,MO,USA,---,2617,00:39:39,1.2 mi,00:04:50,02:36:39,56 mi,00:03:20,01:44:54,13.1 mi,05:09:22
Scott Binder,309,23,350,1245,50-54,54,CO,USA,---,2822,00:31:08,1.2 mi,00:03:48,02:39:29,56 mi,00:03:05,01:51:55,13.1 mi,05:09:25
Kyle Rausch,310,37,351,660,25-29,32,CA,USA,---,2617,00:32:39,1.2 mi,00:03:44,02:42:34,56 mi,00:02:27,01:48:02,13.1 mi,05:09:26
Carlos Gonzalez,311,48,352,2716,30-34,36,CA,USA,---,2604,00:33:23,1.2 mi,00:03:52,02:41:57,56 mi,00:02:10,01:48:15,13.1 mi,05:09:37
Matthew Gardner,312,49,353,2709,30-34,35,KS,USA,---,2604,00:30:03,1.2 mi,00:03:59,02:56:16,56 mi,00:01:30,01:37:50,13.1 mi,05:09:38
Brandy Bounds,42,11,354,2154,30-34,35,CA,USA,---,3077,00:32:03,1.2 mi,00:03:46,02:47:10,56 mi,00:01:46,01:44:57,13.1 mi,05:09:42
Randy Slezak,313,60,355,1098,40-44,46,CA,USA,---,2579,00:36:23,1.2 mi,00:04:14,02:36:30,56 mi,00:02:37,01:50:08,13.1 mi,05:09:52
Russell Lane,314,34,356,2449,45-49,53,IL,USA,---,2608,00:34:23,1.2 mi,00:07:28,02:44:11,56 mi,00:04:35,01:39:16,13.1 mi,05:09:53
Brendan Seely,315,55,357,450,35-39,39,WA,USA,---,2541,00:33:41,1.2 mi,00:04:14,02:44:28,56 mi,00:02:47,01:44:48,13.1 mi,05:09:58
Sean Truchard,316,24,358,1232,50-54,54,NV,USA,---,2811,00:34:27,1.2 mi,00:04:59,02:46:46,56 mi,00:02:50,01:41:00,13.1 mi,05:10:02
Andrew Kaltenbach,317,61,359,925,40-44,45,CA,USA,---,2575,00:33:23,1.2 mi,00:04:46,02:37:39,56 mi,00:04:44,01:49:34,13.1 mi,05:10:06
Jorge Dibildox,318,50,360,2682,30-34,38,Distrito Federal,MEX,---,2595,00:36:45,1.2 mi,00:04:23,02:41:03,56 mi,00:02:05,01:45:50,13.1 mi,05:10:06
Joshua Dinen,319,56,361,220,35-39,41,CA,USA,---,2538,00:33:53,1.2 mi,00:05:07,02:45:42,56 mi,00:01:49,01:43:38,13.1 mi,05:10:09
Chris Knopp,320,57,362,317,35-39,40,CA,USA,---,2537,00:34:33,1.2 mi,00:04:36,02:40:03,56 mi,00:01:23,01:49:38,13.1 mi,05:10:13
Greg Davis,321,62,363,804,40-44,46,AZ,USA,---,2572,00:35:56,1.2 mi,00:05:32,02:41:44,56 mi,00:02:55,01:44:09,13.1 mi,05:10:16
Michael Stange,322,63,364,1111,40-44,46,CA,USA,---,2571,00:39:50,1.2 mi,00:03:22,02:42:50,56 mi,00:03:12,01:41:04,13.1 mi,05:10:18
Michael Nyerges,323,51,365,2811,30-34,38,---,USA,---,2592,00:36:43,1.2 mi,00:03:56,02:40:17,56 mi,00:01:56,01:47:26,13.1 mi,05:10:18
Jordan Blanco,43,3,366,1584,40-44,45,CA,USA,---,3373,00:36:24,1.2 mi,00:04:58,02:43:07,56 mi,00:02:38,01:43:18,13.1 mi,05:10:25
Kristin Mayer,44,3,367,1783,45-49,49,CA,USA,---,3452,00:33:07,1.2 mi,00:03:46,02:51:24,56 mi,00:02:07,01:40:07,13.1 mi,05:10:31
Willow Harrington,45,12,368,2190,30-34,34,CA,USA,---,3063,00:37:28,1.2 mi,00:03:30,02:44:45,56 mi,00:01:30,01:43:18,13.1 mi,05:10:31
Rolando Farrach,324,38,369,601,25-29,60,guatemala,GTM,---,2596,00:32:54,1.2 mi,00:04:36,02:44:54,56 mi,00:03:23,01:44:48,13.1 mi,05:10:35
Ariane Buser,46,13,370,2158,30-34,38,CA,USA,---,3061,00:34:22,1.2 mi,00:03:58,02:40:24,56 mi,00:02:59,01:48:54,13.1 mi,05:10:37
Evan Rees,325,64,371,1062,40-44,44,CA,USA,---,2563,00:35:18,1.2 mi,00:03:14,02:44:30,56 mi,00:02:55,01:44:50,13.1 mi,05:10:47
Chris Revell,326,39,372,662,25-29,32,BC,CAN,---,2591,00:34:36,1.2 mi,00:05:26,02:50:43,56 mi,00:03:03,01:37:04,13.1 mi,05:10:52
Chuck Ojeda,327,25,373,1349,50-54,57,CA,USA,---,2792,00:38:01,1.2 mi,00:05:57,02:46:25,56 mi,00:02:55,01:37:47,13.1 mi,05:11:05
Jason Berry,328,58,374,164,35-39,39,CA,USA,---,2521,00:39:40,1.2 mi,00:07:11,02:39:32,56 mi,00:02:41,01:42:03,13.1 mi,05:11:07
Msgt Victor C. Garcia,329,59,375,252,35-39,42,CA,USA,---,2520,00:33:09,1.2 mi,00:03:44,02:48:46,56 mi,00:01:34,01:43:56,13.1 mi,05:11:09
Daniel Achondo,330,52,376,2609,30-34,37,CA,USA,---,2576,00:41:31,1.2 mi,00:04:31,02:41:22,56 mi,00:02:39,01:41:07,13.1 mi,05:11:10
Scott Nemeth,331,53,377,2803,30-34,38,CA,USA,---,2572,00:36:22,1.2 mi,00:03:50,02:42:43,56 mi,00:02:05,01:46:24,13.1 mi,05:11:24
Andres Roldan,332,65,378,1075,40-44,44,CA,USA,---,2551,00:35:54,1.2 mi,00:04:49,02:40:04,56 mi,00:02:29,01:48:09,13.1 mi,05:11:25
Cherell Jordin,47,4,379,1621,40-44,44,UT,USA,---,3353,00:40:35,1.2 mi,00:05:33,02:39:46,56 mi,00:02:51,01:42:45,13.1 mi,05:11:30
Bill Gleason,333,66,380,869,40-44,47,CA,USA,---,2548,00:29:58,1.2 mi,00:03:46,02:41:01,56 mi,00:04:25,01:52:26,13.1 mi,05:11:36
Mary Knott,48,4,381,2048,35-39,39,AZ,USA,---,3072,00:31:43,1.2 mi,00:05:01,02:49:47,56 mi,00:02:41,01:42:31,13.1 mi,05:11:43
Tom Golden,334,67,382,871,40-44,48,AZ,USA,---,2543,00:26:45,1.2 mi,00:03:30,02:44:41,56 mi,00:02:11,01:54:47,13.1 mi,05:11:54
Miguel Gonzalez,335,35,383,2414,45-49,50,CA,USA,---,2571,00:37:00,1.2 mi,00:05:10,02:34:55,56 mi,00:04:34,01:50:16,13.1 mi,05:11:55
Faron Reed,336,1,384,1506,60-64,63,CA,USA,---,3500,00:35:21,1.2 mi,00:04:22,02:42:15,56 mi,00:01:55,01:48:10,13.1 mi,05:12:03
J. Boragno,337,26,385,1304,50-54,55,CA,USA,---,2773,00:35:23,1.2 mi,00:05:23,02:49:39,56 mi,00:03:15,01:38:31,13.1 mi,05:12:11
Mark Koester,338,54,386,2757,30-34,36,CA,USA,---,2558,00:38:01,1.2 mi,00:05:23,02:41:20,56 mi,00:04:28,01:43:00,13.1 mi,05:12:12
Michael Mchugh,339,55,387,2791,30-34,37,IL,USA,---,2557,00:37:24,1.2 mi,00:04:04,02:53:21,56 mi,00:01:55,01:35:31,13.1 mi,05:12:15
Lynne Fiedler,49,2,388,1917,50-54,53,CA,USA,---,3362,00:41:17,1.2 mi,00:04:41,02:43:28,56 mi,00:01:50,01:41:00,13.1 mi,05:12:16
Genaro Fernandez,340,56,389,2699,30-34,37,NY,USA,---,2556,00:33:48,1.2 mi,00:06:50,02:49:17,56 mi,00:04:31,01:37:51,13.1 mi,05:12:17
Jay Lochhead,341,36,390,2463,45-49,53,CA,USA,---,2563,00:39:50,1.2 mi,00:03:37,02:42:56,56 mi,00:01:54,01:44:05,13.1 mi,05:12:22
Christopher Wright,342,37,391,2603,45-49,51,CA,USA,---,2561,00:35:03,1.2 mi,00:05:47,02:44:10,56 mi,00:02:50,01:44:40,13.1 mi,05:12:30
Kevin Lunney,343,60,392,348,35-39,40,NC,USA,---,2492,00:33:20,1.2 mi,00:03:27,02:40:29,56 mi,00:01:37,01:53:48,13.1 mi,05:12:41
Tanya Grossman,50,5,393,2024,35-39,43,CA,USA,---,3054,00:37:49,1.2 mi,00:03:50,02:42:01,56 mi,00:01:52,01:47:10,13.1 mi,05:12:42
Todd Opalski,344,68,394,1023,40-44,46,CA,USA,---,2525,00:39:34,1.2 mi,00:03:22,02:44:00,56 mi,00:01:59,01:43:59,13.1 mi,05:12:54
Jose De La Garza Elizondo,345,57,395,2679,30-34,37,TX,USA,---,2541,00:44:53,1.2 mi,00:03:54,02:39:39,56 mi,00:02:46,01:41:54,13.1 mi,05:13:06
Jay Lewis,346,61,396,339,35-39,40,CA,USA,---,2482,00:35:55,1.2 mi,00:07:08,02:44:07,56 mi,00:02:57,01:43:08,13.1 mi,05:13:15
Christopher Brandow,347,69,397,746,40-44,44,CA,USA,---,2518,00:31:11,1.2 mi,00:03:56,02:43:25,56 mi,00:01:46,01:52:58,13.1 mi,05:13:16
Polly Gill,51,5,398,1596,40-44,45,CA,USA,---,3317,00:40:35,1.2 mi,00:04:21,02:49:15,56 mi,00:02:40,01:36:40,13.1 mi,05:13:31
Anabel Capalbo,52,6,399,1862,25-29,31,CA,USA,---,3247,00:32:51,1.2 mi,00:04:21,02:55:17,56 mi,00:02:10,01:38:57,13.1 mi,05:13:36
Gabriel Valdovinos Romo,348,38,400,2582,45-49,51,---,MEX,---,2540,00:34:39,1.2 mi,00:03:34,02:43:18,56 mi,00:01:55,01:50:12,13.1 mi,05:13:38
Kristoffer Strauss,349,40,401,682,25-29,29,NY,USA,---,2540,00:33:46,1.2 mi,00:07:55,02:47:16,56 mi,00:02:30,01:42:14,13.1 mi,05:13:41
Rastislav Ivanic,350,62,402,299,35-39,40,CA,USA,---,2474,00:39:31,1.2 mi,00:08:47,02:40:19,56 mi,00:05:38,01:39:27,13.1 mi,05:13:42
Will Fisher,351,70,403,843,40-44,45,NY,USA,---,2509,00:33:24,1.2 mi,00:05:23,02:55:15,56 mi,00:03:33,01:36:10,13.1 mi,05:13:45
Jim Beck,352,39,404,2315,45-49,50,CA,USA,---,2534,00:34:26,1.2 mi,00:04:28,02:46:14,56 mi,00:03:51,01:45:01,13.1 mi,05:14:00
James Wilson,353,63,405,502,35-39,43,CA,USA,---,2467,00:31:24,1.2 mi,00:03:41,02:42:40,56 mi,00:02:54,01:53:26,13.1 mi,05:14:05
Bernard De Jager,354,71,406,805,40-44,45,CA,USA,---,2503,00:34:27,1.2 mi,00:05:04,02:39:55,56 mi,00:03:53,01:50:47,13.1 mi,05:14:06
Angel Sanudo Lelevier,355,8,407,545,18-24,28,---,MEX,---,2861,00:32:23,1.2 mi,00:04:17,02:52:50,56 mi,00:02:19,01:42:20,13.1 mi,05:14:09
Eduardo Juarez Trujillo,356,64,408,304,35-39,40,---,MEX,---,2464,00:40:17,1.2 mi,00:07:32,02:46:01,56 mi,00:03:05,01:37:21,13.1 mi,05:14:16
James Casper,357,65,409,189,35-39,43,CA,USA,---,2464,00:42:05,1.2 mi,00:04:51,02:40:49,56 mi,00:04:29,01:42:03,13.1 mi,05:14:17
Toby Bingham,358,72,410,734,40-44,46,ID,USA,---,2497,00:43:45,1.2 mi,00:05:35,02:42:28,56 mi,00:03:20,01:39:18,13.1 mi,05:14:26
Peter Leavitt,359,73,411,954,40-44,45,OR,USA,---,2495,00:41:35,1.2 mi,00:04:08,02:43:28,56 mi,00:02:47,01:42:35,13.1 mi,05:14:33
Casey Collar,360,58,412,2666,30-34,37,CA,USA,---,2511,00:33:12,1.2 mi,00:03:46,02:37:21,56 mi,00:02:53,01:57:34,13.1 mi,05:14:46
Kevin Knutson,361,66,413,318,35-39,43,CA,USA,---,2453,00:29:04,1.2 mi,00:05:54,02:52:58,56 mi,00:04:12,01:42:45,13.1 mi,05:14:53
Keith Chun,362,67,414,195,35-39,43,CA,USA,---,2453,00:35:58,1.2 mi,00:04:52,02:50:06,56 mi,00:04:05,01:39:53,13.1 mi,05:14:54
Mark Kuester,363,59,415,2760,30-34,37,AZ,USA,---,2508,00:36:20,1.2 mi,00:05:32,02:50:24,56 mi,00:01:40,01:41:01,13.1 mi,05:14:57
Maureen Baran,53,6,416,1995,35-39,42,CA,USA,---,3014,00:37:46,1.2 mi,00:04:12,02:49:09,56 mi,00:02:38,01:41:13,13.1 mi,05:14:58
Ryan Schneider,364,68,417,446,35-39,42,CA,USA,---,2450,00:36:18,1.2 mi,00:03:41,02:49:40,56 mi,00:02:12,01:43:10,13.1 mi,05:15:01
Paolo Gerbasi,365,74,418,863,40-44,48,MT,USA,---,2486,00:37:56,1.2 mi,00:04:59,02:46:16,56 mi,00:04:14,01:41:36,13.1 mi,05:15:01
Sean Stevens,366,69,419,464,35-39,42,OK,USA,---,2448,00:31:37,1.2 mi,00:05:03,02:54:14,56 mi,00:03:32,01:40:43,13.1 mi,05:15:09
Jennifer Takata,54,6,420,1684,40-44,45,WI,USA,---,3287,00:31:24,1.2 mi,00:04:42,02:53:41,56 mi,00:04:07,01:41:18,13.1 mi,05:15:12
Nicholas Schiller,367,60,421,2854,30-34,34,CA,USA,---,2503,00:32:01,1.2 mi,00:04:31,02:48:50,56 mi,00:02:08,01:47:45,13.1 mi,05:15:15
Roger Light,368,40,422,2457,45-49,51,CA,USA,---,2510,00:43:07,1.2 mi,00:04:34,02:34:22,56 mi,00:04:39,01:48:39,13.1 mi,05:15:21
Craig Readler,369,61,423,2832,30-34,36,CA,USA,---,2501,00:28:27,1.2 mi,00:06:24,02:49:09,56 mi,00:03:23,01:47:59,13.1 mi,05:15:22
Shigy Suzuki,370,27,424,1381,50-54,58,CA,USA,---,2715,00:35:12,1.2 mi,00:04:37,02:45:20,56 mi,00:03:05,01:47:09,13.1 mi,05:15:23
Yati Yadav,371,70,425,507,35-39,43,AZ,USA,---,2443,00:36:23,1.2 mi,00:05:33,02:50:24,56 mi,00:05:09,01:37:56,13.1 mi,05:15:25
Michael Moyer,372,75,426,1007,40-44,46,KY,USA,---,2474,00:34:39,1.2 mi,00:06:13,02:58:08,56 mi,00:04:12,01:32:29,13.1 mi,05:15:41
Leslie Myers,55,4,427,2920,45-49,49,CA,USA,---,3357,00:33:56,1.2 mi,00:03:26,02:57:38,56 mi,00:02:25,01:38:22,13.1 mi,05:15:47
Brandon Vest,373,62,428,2886,30-34,37,CA,USA,---,2493,00:41:27,1.2 mi,00:06:18,02:47:55,56 mi,00:02:55,01:37:13,13.1 mi,05:15:48
Michelle Joaquin,56,7,429,2041,35-39,39,CA,USA,---,2997,00:35:47,1.2 mi,00:03:56,02:54:41,56 mi,00:02:00,01:39:28,13.1 mi,05:15:52
Ryan Spitz,374,41,430,679,25-29,32,CA,USA,---,2498,00:37:53,1.2 mi,00:03:34,02:51:56,56 mi,00:02:01,01:40:37,13.1 mi,05:16:01
Sherry Rennard,57,3,431,1953,50-54,54,CA,USA,---,3293,00:41:24,1.2 mi,00:04:24,02:43:22,56 mi,00:01:56,01:44:59,13.1 mi,05:16:05
Kim Mcdonald,375,8,432,1477,55-59,61,CA,USA,---,3140,00:29:46,1.2 mi,00:03:14,02:41:59,56 mi,00:01:56,01:59:15,13.1 mi,05:16:10
Peter Neilson,376,76,433,1013,40-44,44,CA,USA,---,2465,00:35:53,1.2 mi,00:03:36,02:40:30,56 mi,00:03:12,01:53:00,13.1 mi,05:16:11
Brooke Bishop,58,7,434,1839,25-29,30,CA,USA,---,3200,00:28:22,1.2 mi,00:06:16,03:03:50,56 mi,00:03:16,01:34:27,13.1 mi,05:16:11
Greg Goldsmith,377,63,435,2714,30-34,34,AZ,USA,---,2485,00:34:22,1.2 mi,00:05:16,02:48:34,56 mi,00:03:16,01:44:45,13.1 mi,05:16:13
Cameron Vance,378,64,436,2884,30-34,38,CA,USA,---,2484,00:34:45,1.2 mi,00:04:06,02:49:44,56 mi,00:03:54,01:43:47,13.1 mi,05:16:16
Meghann Nelles,59,14,437,2233,30-34,38,CA,USA,---,2958,00:38:34,1.2 mi,00:04:33,02:56:15,56 mi,00:02:05,01:34:53,13.1 mi,05:16:20
Zachary Papas,379,42,438,655,25-29,32,CA,USA,---,2492,00:30:59,1.2 mi,00:04:29,02:52:42,56 mi,00:02:28,01:45:45,13.1 mi,05:16:23
Melody Ramirez,60,19,439,80,PRO,34,VERACRUZ,MEX,---,2468,00:27:48,1.2 mi,00:03:29,02:52:58,56 mi,00:01:53,01:50:22,13.1 mi,05:16:30
Gustavo Flores,380,77,440,846,40-44,47,UT,USA,---,2459,00:36:18,1.2 mi,00:04:49,02:49:18,56 mi,00:03:37,01:42:32,13.1 mi,05:16:34
Brian Browne,381,65,441,2646,30-34,34,CA,USA,---,2477,00:37:00,1.2 mi,00:04:18,02:53:06,56 mi,00:02:05,01:40:10,13.1 mi,05:16:39
Edward Rodriguez,382,66,442,2841,30-34,33,CA,USA,---,2477,00:40:21,1.2 mi,00:04:56,02:45:35,56 mi,00:02:10,01:43:39,13.1 mi,05:16:41
Darren Mccall,383,78,443,984,40-44,44,---,USA,---,2456,00:29:29,1.2 mi,00:06:06,02:44:41,56 mi,00:03:00,01:53:28,13.1 mi,05:16:44
Gloria Petruzzelli,61,15,444,2239,30-34,36,CA,USA,---,2949,00:40:19,1.2 mi,00:03:55,02:54:14,56 mi,00:01:49,01:36:33,13.1 mi,05:16:50
Wolfgang Beez,384,79,445,723,40-44,47,CA,USA,---,2452,00:37:49,1.2 mi,00:05:13,02:48:23,56 mi,00:02:07,01:43:25,13.1 mi,05:16:57
Craig Thorpe,385,80,446,1129,40-44,46,AZ,USA,---,2452,00:37:44,1.2 mi,00:05:29,02:47:33,56 mi,00:03:55,01:42:16,13.1 mi,05:16:57
Stephanie Schmotter,62,8,447,1884,25-29,28,CA,USA,---,3186,00:37:27,1.2 mi,00:06:35,02:45:42,56 mi,00:03:34,01:43:40,13.1 mi,05:16:58
Gina Correll,63,5,448,1734,45-49,---,CA,USA,---,3332,00:35:09,1.2 mi,00:04:14,02:46:56,56 mi,00:01:59,01:48:55,13.1 mi,05:17:13
Samuel Schmidt,386,71,449,445,35-39,41,CA,USA,---,2410,00:34:35,1.2 mi,00:04:37,02:47:39,56 mi,00:02:37,01:47:49,13.1 mi,05:17:17
Joshua  Thomas ,387,72,450,471,35-39,40,CA,USA,---,2409,00:34:38,1.2 mi,00:04:47,02:49:39,56 mi,00:02:43,01:45:31,13.1 mi,05:17:18
Kayla Kielar,64,9,451,1864,25-29,33,CA,USA,---,3180,00:33:02,1.2 mi,00:04:54,02:52:14,56 mi,00:02:47,01:44:21,13.1 mi,05:17:18
Ray Stainback,388,28,452,1226,50-54,54,CA,USA,---,2680,00:36:11,1.2 mi,00:04:14,02:43:40,56 mi,00:04:14,01:49:01,13.1 mi,05:17:20
Javin Ramos,389,43,453,659,25-29,30,CA,USA,---,2474,00:48:00,1.2 mi,00:04:34,02:48:03,56 mi,00:02:45,01:33:59,13.1 mi,05:17:21
Rob Thiry,390,41,454,2571,45-49,50,ID,USA,---,2473,00:32:42,1.2 mi,00:04:27,02:52:03,56 mi,00:02:39,01:45:33,13.1 mi,05:17:24
Betsy Mercer,65,8,455,2070,35-39,40,CO,USA,---,2969,00:43:15,1.2 mi,00:04:21,02:38:45,56 mi,00:02:35,01:48:29,13.1 mi,05:17:25
Alan Smiley,391,42,456,2549,45-49,53,UT,USA,---,2471,00:40:32,1.2 mi,00:05:13,02:47:29,56 mi,00:04:05,01:40:11,13.1 mi,05:17:30
Fred Maggiore,392,9,457,1410,55-59,59,CA,USA,---,3115,00:37:13,1.2 mi,00:04:36,02:45:26,56 mi,00:03:33,01:46:46,13.1 mi,05:17:34
Carlos Perea,393,81,458,1044,40-44,44,CA,MEX,---,2436,00:43:12,1.2 mi,00:06:03,02:50:27,56 mi,00:04:37,01:33:30,13.1 mi,05:17:49
Chris Pitzak,394,73,459,407,35-39,41,CA,USA,---,2398,00:34:40,1.2 mi,00:04:20,02:37:30,56 mi,00:02:52,01:58:33,13.1 mi,05:17:55
Adam Caselles,395,82,460,771,40-44,47,---,USA,---,2433,00:35:45,1.2 mi,00:05:28,02:49:04,56 mi,00:02:38,01:45:05,13.1 mi,05:18:00
David Baker,396,83,461,715,40-44,45,CA,USA,---,2432,00:36:54,1.2 mi,00:04:26,02:50:07,56 mi,00:01:38,01:44:58,13.1 mi,05:18:03
Trevor Costin,397,9,462,518,18-24,27,CA,USA,---,2787,00:36:09,1.2 mi,00:04:51,02:55:33,56 mi,00:02:20,01:39:22,13.1 mi,05:18:15
Michael Hutto,398,74,463,296,35-39,41,CA,USA,---,2391,00:35:40,1.2 mi,00:04:23,02:54:28,56 mi,00:03:37,01:40:11,13.1 mi,05:18:19
David Boyle,399,44,464,571,25-29,29,CA,USA,---,2456,00:43:51,1.2 mi,00:05:29,02:38:01,56 mi,00:03:04,01:47:55,13.1 mi,05:18:20
Stephan Corti,400,43,465,2358,45-49,51,CA,USA,---,2456,00:36:05,1.2 mi,00:04:29,02:39:49,56 mi,00:02:32,01:55:26,13.1 mi,05:18:21
Faith Bolliger,66,9,466,2003,35-39,42,CA,USA,---,2949,00:30:25,1.2 mi,00:04:52,02:49:24,56 mi,00:03:38,01:50:14,13.1 mi,05:18:33
Tim Bellig,401,75,467,159,35-39,40,CA,USA,---,2386,00:39:01,1.2 mi,00:04:17,02:44:10,56 mi,00:02:24,01:48:43,13.1 mi,05:18:35
Cody Ross,402,84,468,1078,40-44,43,CA,USA,---,2421,00:34:01,1.2 mi,00:05:28,02:46:34,56 mi,00:02:06,01:50:31,13.1 mi,05:18:40
David Steele,403,85,469,1112,40-44,48,CA,USA,---,2417,00:28:11,1.2 mi,00:04:13,02:55:50,56 mi,00:03:10,01:47:27,13.1 mi,05:18:51
Alfonso Camacho Bustillo,404,67,470,2652,30-34,36,---,MEX,---,2436,00:41:39,1.2 mi,00:07:22,02:55:50,56 mi,00:02:25,01:31:41,13.1 mi,05:18:57
William Blore,405,86,471,739,40-44,48,CA,USA,---,2412,00:34:33,1.2 mi,00:03:22,02:52:30,56 mi,00:02:30,01:46:14,13.1 mi,05:19:09
Ryan Dranginis,406,76,472,224,35-39,39,CA,USA,---,2375,00:31:07,1.2 mi,00:03:55,02:57:51,56 mi,00:01:43,01:44:35,13.1 mi,05:19:11
Brian Barlow,407,45,473,562,25-29,33,CA,USA,---,2441,00:34:08,1.2 mi,00:10:03,02:48:59,56 mi,00:06:48,01:39:13,13.1 mi,05:19:11
Ken Boyett,408,44,474,2325,45-49,49,OK,USA,---,2435,00:39:56,1.2 mi,00:04:41,02:52:16,56 mi,00:04:17,01:38:19,13.1 mi,05:19:29
Brett Jacobson,409,87,475,915,40-44,47,CA,USA,---,2400,00:40:05,1.2 mi,00:05:28,02:48:44,56 mi,00:04:09,01:41:22,13.1 mi,05:19:48
Teri Cashmore,67,6,476,1729,45-49,48,UT,USA,---,3284,00:31:08,1.2 mi,00:05:00,02:54:47,56 mi,00:03:52,01:45:05,13.1 mi,05:19:52
Greg Dahl,410,45,477,2366,45-49,53,MN,USA,---,2425,00:39:49,1.2 mi,00:04:30,02:46:51,56 mi,00:04:28,01:44:24,13.1 mi,05:20:02
Bill Shen,411,77,478,452,35-39,39,CA,USA,---,2359,00:36:57,1.2 mi,00:08:17,02:49:56,56 mi,00:04:45,01:40:12,13.1 mi,05:20:07
Ben Zintak,412,68,479,2917,30-34,36,---,USA,---,2413,00:34:38,1.2 mi,00:06:18,02:44:01,56 mi,00:02:05,01:53:13,13.1 mi,05:20:15
Tod Duncan,413,78,480,226,35-39,42,CO,USA,---,2356,00:31:34,1.2 mi,00:04:04,02:57:17,56 mi,00:02:31,01:44:50,13.1 mi,05:20:16
Dieter Holtz,414,88,481,900,40-44,47,---,MEX,---,2392,00:27:01,1.2 mi,00:06:01,02:50:44,56 mi,00:02:45,01:53:45,13.1 mi,05:20:16
Jean Vincent,415,89,482,1147,40-44,46,CA,USA,---,2391,00:38:10,1.2 mi,00:07:12,02:46:37,56 mi,00:03:16,01:45:03,13.1 mi,05:20:18
Geoff Daumeyer,416,90,483,800,40-44,47,CA,USA,---,2390,00:33:25,1.2 mi,00:04:17,02:55:25,56 mi,00:02:58,01:44:16,13.1 mi,05:20:21
Kami Banks,68,10,484,1994,35-39,40,CO,USA,---,2915,00:40:53,1.2 mi,00:03:23,02:50:49,56 mi,00:02:11,01:43:09,13.1 mi,05:20:25
Jennifer Neuschwander,69,11,485,2077,35-39,39,CA,USA,---,2915,00:40:07,1.2 mi,00:03:53,02:47:04,56 mi,00:03:09,01:46:12,13.1 mi,05:20:25
Jaime Ulises Reyes,417,46,486,2520,45-49,51,---,MEX,---,2418,00:42:05,1.2 mi,00:05:44,02:50:43,56 mi,00:02:31,01:39:22,13.1 mi,05:20:25
John Nelson,418,10,487,1459,55-59,60,CA,USA,---,3063,00:34:57,1.2 mi,00:04:57,02:49:47,56 mi,00:03:18,01:47:29,13.1 mi,05:20:28
Kristi Curtis,70,10,488,1851,25-29,31,CA,USA,---,3120,00:41:03,1.2 mi,00:03:24,02:56:02,56 mi,00:02:11,01:37:57,13.1 mi,05:20:37
Carl Warren,419,79,489,492,35-39,42,CA,USA,---,2347,00:29:51,1.2 mi,00:05:33,02:53:31,56 mi,00:03:43,01:48:07,13.1 mi,05:20:45
Stephen Olsen,420,47,490,2494,45-49,49,CA,USA,---,2411,00:40:43,1.2 mi,00:06:23,02:44:04,56 mi,00:03:04,01:46:37,13.1 mi,05:20:51
Brian Hrynkow,421,10,491,529,18-24,26,AB,CAN,---,2738,00:32:35,1.2 mi,00:03:20,02:30:26,56 mi,00:03:18,02:11:19,13.1 mi,05:20:58
Greg Goebel,422,48,492,2413,45-49,51,CA,USA,---,2406,00:41:40,1.2 mi,00:07:42,02:38:28,56 mi,00:02:53,01:50:23,13.1 mi,05:21:06
Kyle Woodley,423,69,493,2908,30-34,36,CA,USA,---,2397,00:42:14,1.2 mi,00:05:07,02:48:48,56 mi,00:03:43,01:41:15,13.1 mi,05:21:07
Robin Sayed,71,7,494,1665,40-44,46,WA,USA,---,3179,00:35:19,1.2 mi,00:05:54,02:45:48,56 mi,00:03:46,01:50:23,13.1 mi,05:21:10
Steven Kern,424,91,495,932,40-44,45,---,USA,---,2372,00:30:10,1.2 mi,00:06:15,02:53:41,56 mi,00:02:16,01:49:01,13.1 mi,05:21:23
Carolyn Sanchez,72,8,496,1664,40-44,44,CA,USA,---,3173,00:36:09,1.2 mi,00:05:43,02:51:11,56 mi,00:03:55,01:44:31,13.1 mi,05:21:29
Patrick Gosse,425,29,497,1199,50-54,54,NV,USA,---,2605,00:44:52,1.2 mi,00:06:42,02:41:02,56 mi,00:02:33,01:46:21,13.1 mi,05:21:30
Lina Ramos,73,7,498,1801,45-49,51,---,USA,---,3254,00:41:13,1.2 mi,00:04:58,02:46:00,56 mi,00:01:44,01:47:38,13.1 mi,05:21:33
Jp Theberge,426,2,499,104,PC,44,CA,USA,---,3275,00:34:54,1.2 mi,00:04:21,02:42:42,56 mi,00:04:30,01:55:10,13.1 mi,05:21:37
Steve Lathrop,427,80,500,328,35-39,42,CA,USA,---,2330,00:39:19,1.2 mi,00:06:47,02:51:19,56 mi,00:01:55,01:42:24,13.1 mi,05:21:44
Karl Thieme,428,11,501,1466,55-59,61,CA,USA,---,3040,00:35:39,1.2 mi,00:04:38,02:41:14,56 mi,00:01:59,01:58:15,13.1 mi,05:21:45
Todd Pilger,429,81,502,406,35-39,42,NM,USA,---,2326,00:33:44,1.2 mi,00:05:51,02:51:56,56 mi,00:03:53,01:46:33,13.1 mi,05:21:57
John Pawinski,430,92,503,1040,40-44,46,TX,USA,---,2361,00:35:44,1.2 mi,00:05:37,02:50:17,56 mi,00:03:45,01:46:35,13.1 mi,05:21:58
Michelle Laughlin,74,1,504,1714,18-24,28,DC,USA,---,3500,00:34:36,1.2 mi,00:03:18,02:53:25,56 mi,00:01:52,01:48:49,13.1 mi,05:22:00
Jonathan Levine,431,82,505,336,35-39,42,NJ,USA,---,2324,00:39:12,1.2 mi,00:04:21,02:52:00,56 mi,00:01:55,01:44:33,13.1 mi,05:22:01
Justin Mcgeeney,432,46,506,646,25-29,31,KS,USA,---,2390,00:40:23,1.2 mi,00:06:24,02:46:52,56 mi,00:06:09,01:42:13,13.1 mi,05:22:01
Yanis Nora,433,47,507,651,25-29,31,HI,USA,---,2390,00:33:12,1.2 mi,00:04:23,02:42:19,56 mi,00:04:21,01:57:48,13.1 mi,05:22:03
R Eric Valusek,434,83,508,484,35-39,41,CA,USA,---,2322,00:46:01,1.2 mi,00:05:14,02:36:45,56 mi,00:03:36,01:50:33,13.1 mi,05:22:09
Rocky Stenico,435,12,509,1444,55-59,60,CA,USA,---,3031,00:35:22,1.2 mi,00:04:43,02:45:39,56 mi,00:02:27,01:54:03,13.1 mi,05:22:14
Nick Moless,436,70,510,2797,30-34,38,CA,USA,---,2376,00:40:34,1.2 mi,00:05:21,02:38:44,56 mi,00:03:23,01:54:15,13.1 mi,05:22:17
Matt Beltran,437,84,511,160,35-39,42,CA,USA,---,2318,00:36:01,1.2 mi,00:04:33,02:41:24,56 mi,00:02:13,01:58:10,13.1 mi,05:22:21
Susan Grant-Legacki,75,16,512,2188,30-34,36,---,USA,---,2849,00:33:16,1.2 mi,00:04:48,02:57:46,56 mi,00:03:14,01:43:19,13.1 mi,05:22:23
Peter Blomgren,438,93,513,738,40-44,45,CA,USA,---,2353,00:47:22,1.2 mi,00:05:24,02:44:53,56 mi,00:02:52,01:41:55,13.1 mi,05:22:26
Brent Mortensen,439,94,514,1006,40-44,46,CA,USA,---,2351,00:34:22,1.2 mi,00:05:29,02:49:43,56 mi,00:03:06,01:49:53,13.1 mi,05:22:33
Stewart Mims,440,1,515,1548,65-69,68,CA,USA,---,3500,00:34:32,1.2 mi,00:04:51,02:50:37,56 mi,00:02:55,01:49:42,13.1 mi,05:22:37
David Streams,441,95,516,1117,40-44,45,WA,USA,---,2349,00:39:06,1.2 mi,00:05:06,02:46:51,56 mi,00:03:04,01:48:32,13.1 mi,05:22:39
Jene Shaw,76,11,517,1887,25-29,32,CA,USA,---,3083,00:36:05,1.2 mi,00:04:22,02:49:34,56 mi,00:01:58,01:50:44,13.1 mi,05:22:43
Dan Johnson,442,96,518,918,40-44,44,CA,USA,---,2347,00:34:03,1.2 mi,00:05:06,02:56:05,56 mi,00:03:00,01:44:31,13.1 mi,05:22:45
Michele Clode,77,17,519,2238,30-34,35,CA,USA,---,2838,00:33:46,1.2 mi,00:03:59,02:52:52,56 mi,00:02:35,01:49:48,13.1 mi,05:23:00
Ernest Remillard,443,71,520,2836,30-34,36,CA,USA,---,2363,00:34:46,1.2 mi,00:08:23,02:58:53,56 mi,00:04:22,01:36:38,13.1 mi,05:23:02
Blair Fennimore,444,72,521,2698,30-34,37,CO,USA,---,2362,00:40:03,1.2 mi,00:05:04,02:50:46,56 mi,00:03:22,01:43:48,13.1 mi,05:23:03
Brian Deleget,445,97,522,806,40-44,47,OH,USA,---,2340,00:31:08,1.2 mi,00:05:40,02:57:36,56 mi,00:04:18,01:44:28,13.1 mi,05:23:10
Brian Abraham,446,85,523,128,35-39,40,CA,USA,---,2303,00:36:44,1.2 mi,00:03:34,02:47:22,56 mi,00:01:33,01:53:58,13.1 mi,05:23:11
David Rojas,447,98,524,1074,40-44,44,CA,USA,---,2339,00:37:56,1.2 mi,00:04:34,02:51:30,56 mi,00:02:15,01:46:56,13.1 mi,05:23:11
Jodi Hays,78,8,525,1754,45-49,52,CA,USA,---,3223,00:40:59,1.2 mi,00:04:28,02:47:01,56 mi,00:03:02,01:47:46,13.1 mi,05:23:16
Paul Kos,448,99,526,943,40-44,46,CA,USA,---,2338,00:35:50,1.2 mi,00:06:40,02:56:12,56 mi,00:03:15,01:41:20,13.1 mi,05:23:17
Jim Dowd,449,100,527,813,40-44,44,CA,USA,---,2337,00:34:45,1.2 mi,00:03:54,02:50:01,56 mi,00:02:45,01:51:55,13.1 mi,05:23:20
Kimio Bazett,450,73,528,2635,30-34,38,CA,USA,---,2357,00:37:33,1.2 mi,00:05:04,02:49:26,56 mi,00:03:54,01:47:25,13.1 mi,05:23:22
Matt Reams,451,48,529,661,25-29,32,CA,USA,---,2364,00:36:53,1.2 mi,00:05:12,02:45:31,56 mi,00:02:39,01:53:14,13.1 mi,05:23:29
Kent Becker,452,49,530,2316,45-49,53,CA,USA,---,2363,00:36:00,1.2 mi,00:05:49,02:52:48,56 mi,00:02:49,01:46:05,13.1 mi,05:23:31
John Privett,453,50,531,2508,45-49,53,CA,USA,---,2363,00:33:54,1.2 mi,00:05:51,02:51:35,56 mi,00:03:12,01:48:59,13.1 mi,05:23:31
Darrell Rowe,454,86,532,435,35-39,41,CA,USA,---,2296,00:33:24,1.2 mi,00:03:22,02:38:36,56 mi,00:01:29,02:06:44,13.1 mi,05:23:35
Timothy Woodley,455,51,533,2602,45-49,49,CA,USA,---,2361,00:35:17,1.2 mi,00:05:13,03:28:35,56 mi,00:05:51,01:08:41,13.1 mi,05:23:37
Karen Mcclelland,79,9,534,1698,40-44,46,CO,USA,---,3135,00:33:16,1.2 mi,00:06:58,02:50:59,56 mi,00:04:17,01:48:08,13.1 mi,05:23:38
Jack Khawaja,456,87,535,310,35-39,41,CA,USA,---,2294,00:52:03,1.2 mi,00:04:08,02:56:51,56 mi,00:02:06,01:28:34,13.1 mi,05:23:42
German Anaya,457,88,536,135,35-39,41,---,MEX,---,2293,00:36:03,1.2 mi,00:04:46,02:56:15,56 mi,00:03:44,01:42:57,13.1 mi,05:23:45
Jaime Campos,458,101,537,762,40-44,44,CA,USA,---,2329,00:42:27,1.2 mi,00:04:57,02:47:47,56 mi,00:02:55,01:45:40,13.1 mi,05:23:46
Todd Graham,459,102,538,876,40-44,45,SK,CAN,---,2329,00:34:09,1.2 mi,00:05:37,02:58:35,56 mi,00:04:10,01:41:16,13.1 mi,05:23:47
Aaron Azevedo,460,103,539,713,40-44,48,CA,USA,---,2327,00:38:50,1.2 mi,00:04:59,03:00:11,56 mi,00:01:57,01:37:57,13.1 mi,05:23:54
Ursula Vaccaro,80,12,540,2126,35-39,43,CA,USA,---,2853,00:39:58,1.2 mi,00:07:37,02:50:11,56 mi,00:03:09,01:42:59,13.1 mi,05:23:54
Richard Schingler,461,2,541,1507,60-64,63,CA,USA,---,3286,00:35:55,1.2 mi,00:05:51,02:45:40,56 mi,00:02:04,01:54:26,13.1 mi,05:23:56
Carrie Chavez,81,10,542,1588,40-44,48,CA,USA,---,3129,00:42:29,1.2 mi,00:07:45,02:49:51,56 mi,00:02:57,01:40:56,13.1 mi,05:23:58
Brad Burt,462,30,543,1248,50-54,54,CA,USA,---,2560,00:34:19,1.2 mi,00:05:27,02:57:34,56 mi,00:02:59,01:43:42,13.1 mi,05:24:01
Erica Ziemer,82,11,544,1709,40-44,45,WA,USA,---,3127,00:33:43,1.2 mi,00:04:37,02:52:34,56 mi,00:03:20,01:49:50,13.1 mi,05:24:04
Julia Polloreno,83,18,545,2240,30-34,38,CA,USA,---,2818,00:34:48,1.2 mi,00:03:32,02:56:28,56 mi,00:02:13,01:47:05,13.1 mi,05:24:06
Grant Edgcomb,463,49,546,596,25-29,30,CA,USA,---,2352,00:31:23,1.2 mi,00:06:08,02:48:45,56 mi,00:02:40,01:55:13,13.1 mi,05:24:09
Brynn Pearson,84,19,547,2245,30-34,34,CA,USA,---,2816,00:37:28,1.2 mi,00:04:13,03:00:38,56 mi,00:01:58,01:39:56,13.1 mi,05:24:13
Rob Clause,464,52,548,2353,45-49,48,CA,USA,---,2349,00:36:32,1.2 mi,00:03:37,02:55:22,56 mi,00:03:23,01:45:22,13.1 mi,05:24:16
Dan Stover,465,74,549,2875,30-34,37,CA,USA,---,2340,00:33:02,1.2 mi,00:04:56,02:55:41,56 mi,00:02:21,01:48:18,13.1 mi,05:24:18
Jason Dale,466,89,550,209,35-39,41,---,USA,---,2281,00:41:51,1.2 mi,00:05:29,02:51:46,56 mi,00:01:59,01:43:20,13.1 mi,05:24:25
Rachel Serna,85,12,551,1885,25-29,32,CA,USA,---,3050,00:32:45,1.2 mi,00:04:03,02:57:47,56 mi,00:02:31,01:47:25,13.1 mi,05:24:31
Mike Levy,467,90,552,337,35-39,38,CA,USA,---,2278,00:34:29,1.2 mi,00:04:26,02:54:37,56 mi,00:01:56,01:49:07,13.1 mi,05:24:35
Matt Richards,468,11,553,540,18-24,23,CA,USA,---,2672,00:31:24,1.2 mi,00:05:44,02:58:31,56 mi,00:02:27,01:46:32,13.1 mi,05:24:38
Cameran Lindee,469,91,554,341,35-39,41,CA,USA,---,2276,00:41:31,1.2 mi,00:03:44,02:51:08,56 mi,00:02:03,01:46:17,13.1 mi,05:24:43
Erin Earlywine,86,20,555,2170,30-34,35,CA,USA,---,2807,00:33:34,1.2 mi,00:03:22,02:48:28,56 mi,00:02:15,01:57:04,13.1 mi,05:24:43
Darrel Ulrich,470,104,556,1137,40-44,45,CA,USA,---,2312,00:42:22,1.2 mi,00:04:08,02:46:37,56 mi,00:02:02,01:49:35,13.1 mi,05:24:44
Chris Eggert,471,50,557,597,25-29,32,WA,USA,---,2340,00:42:12,1.2 mi,00:05:08,02:51:30,56 mi,00:01:40,01:44:19,13.1 mi,05:24:49
Samuel Gager,472,92,558,248,35-39,39,CA,USA,---,2273,00:37:16,1.2 mi,00:05:15,02:50:08,56 mi,00:03:42,01:48:33,13.1 mi,05:24:54
Frank Brummitt,473,53,559,2333,45-49,51,CA,USA,---,2336,00:36:12,1.2 mi,00:05:15,02:52:48,56 mi,00:02:31,01:48:12,13.1 mi,05:24:58
Chris Babbitt,474,54,560,2310,45-49,49,CA,USA,---,2335,00:37:27,1.2 mi,00:04:53,02:48:03,56 mi,00:02:38,01:52:02,13.1 mi,05:25:03
Joseph Beckerley,475,75,561,2637,30-34,38,CA,USA,---,2326,00:41:33,1.2 mi,00:05:24,03:02:29,56 mi,00:02:06,01:33:31,13.1 mi,05:25:03
Bill Moliski,476,105,562,1004,40-44,47,CA,USA,---,2305,00:35:59,1.2 mi,00:06:28,02:51:49,56 mi,00:03:48,01:47:01,13.1 mi,05:25:05
Oscar Grajales,477,76,563,2717,30-34,37,Intl State,MEX,---,2325,00:38:51,1.2 mi,00:04:16,02:57:33,56 mi,00:02:41,01:41:46,13.1 mi,05:25:07
David Meyer,478,31,564,1205,50-54,54,CA,USA,---,2539,00:32:42,1.2 mi,00:05:10,02:47:58,56 mi,00:03:33,01:55:46,13.1 mi,05:25:09
Carl Wernicke,479,4,565,125,50-54,57,CT,USA,---,2539,00:39:41,1.2 mi,00:05:45,02:49:35,56 mi,00:04:25,01:45:44,13.1 mi,05:25:10
Mick Ellis,480,106,566,824,40-44,44,CA,USA,---,2301,00:40:02,1.2 mi,00:05:20,02:47:30,56 mi,00:02:14,01:50:14,13.1 mi,05:25:20
Casey Fieldhouse,481,77,567,2700,30-34,37,CA,USA,---,2318,00:36:26,1.2 mi,00:04:48,02:56:05,56 mi,00:03:37,01:44:34,13.1 mi,05:25:30
Michael Prise,482,32,568,1351,50-54,56,WA,USA,---,2532,00:41:04,1.2 mi,00:11:23,02:49:59,56 mi,00:03:09,01:39:57,13.1 mi,05:25:32
Sian Turner,87,21,569,2257,30-34,34,CA,USA,---,2792,00:37:43,1.2 mi,00:05:41,02:58:56,56 mi,00:03:10,01:40:03,13.1 mi,05:25:33
Jason Ching,483,78,570,2660,30-34,33,CA,USA,---,2317,00:36:56,1.2 mi,00:04:59,02:49:25,56 mi,00:03:48,01:50:25,13.1 mi,05:25:33
Joseph Huy,484,107,571,911,40-44,47,CA,USA,---,2296,00:43:30,1.2 mi,00:04:58,02:39:17,56 mi,00:03:22,01:54:29,13.1 mi,05:25:36
Josephine Perry,88,13,572,2087,35-39,40,---,GBR,---,2819,00:39:49,1.2 mi,00:05:08,02:51:20,56 mi,00:02:19,01:47:09,13.1 mi,05:25:45
Jonathan Armstrong,485,79,573,2620,30-34,36,CA,USA,---,2313,00:34:30,1.2 mi,00:05:07,03:00:35,56 mi,00:02:58,01:42:36,13.1 mi,05:25:46
Peter Fagrell,486,55,574,2388,45-49,52,CA,USA,---,2321,00:33:14,1.2 mi,00:05:27,02:59:23,56 mi,00:02:31,01:45:15,13.1 mi,05:25:50
Christian Farrach,487,12,575,521,18-24,28,FL,GTM,---,2650,00:37:58,1.2 mi,00:04:50,02:45:27,56 mi,00:02:05,01:55:32,13.1 mi,05:25:52
Mark Rago,488,56,576,2511,45-49,51,CA,USA,---,2320,00:37:01,1.2 mi,00:05:24,02:51:15,56 mi,00:02:43,01:49:29,13.1 mi,05:25:52
William Wickett,489,80,577,2897,30-34,38,CA,USA,---,2309,00:38:39,1.2 mi,00:04:23,02:44:14,56 mi,00:02:34,01:56:09,13.1 mi,05:25:59
Michael Hickey,490,93,578,287,35-39,43,NJ,USA,---,2253,00:41:07,1.2 mi,00:03:31,02:50:27,56 mi,00:01:44,01:49:11,13.1 mi,05:26:00
Robert Welsh,491,57,579,2594,45-49,49,AB,CAN,---,2318,00:43:14,1.2 mi,00:04:35,02:46:02,56 mi,00:03:04,01:49:05,13.1 mi,05:26:00
Sue Pope,89,4,580,1951,50-54,55,UT,USA,---,3115,00:42:47,1.2 mi,00:05:09,02:48:27,56 mi,00:03:08,01:46:30,13.1 mi,05:26:01
Jason Tomlinson,492,108,581,1133,40-44,44,UT,USA,---,2287,00:37:00,1.2 mi,00:07:29,02:41:20,56 mi,00:05:34,01:54:43,13.1 mi,05:26:06
Alexandre Gillet,493,94,582,260,35-39,40,CA,USA,---,2250,00:33:18,1.2 mi,00:03:43,02:52:54,56 mi,00:03:11,01:53:03,13.1 mi,05:26:09
Joanna Sung,90,14,583,2112,35-39,41,---,USA,---,2811,00:44:48,1.2 mi,00:04:15,02:50:20,56 mi,00:01:40,01:45:11,13.1 mi,05:26:14
David Rodriguez,494,109,584,1073,40-44,47,CA,USA,---,2284,00:45:33,1.2 mi,00:04:08,02:47:46,56 mi,00:02:58,01:45:51,13.1 mi,05:26:16
Lori Travis,91,9,585,1823,45-49,51,CA,USA,---,3167,00:37:09,1.2 mi,00:03:29,02:52:47,56 mi,00:02:03,01:50:54,13.1 mi,05:26:22
Wendee Pratt,92,5,586,1952,50-54,54,CA,USA,---,3107,00:39:56,1.2 mi,00:03:50,02:54:17,56 mi,00:02:21,01:46:01,13.1 mi,05:26:25
Anthony Ramirez,495,95,587,418,35-39,43,---,USA,---,2241,00:35:53,1.2 mi,00:04:24,03:00:03,56 mi,00:03:07,01:43:13,13.1 mi,05:26:40
Doug Freeman,496,33,588,1311,50-54,56,CA,USA,---,2511,00:37:39,1.2 mi,00:04:13,02:53:50,56 mi,00:04:50,01:46:11,13.1 mi,05:26:43
Bernadette Sidney,93,10,589,1811,45-49,53,CA,USA,---,3157,00:37:04,1.2 mi,00:05:40,02:58:59,56 mi,00:03:09,01:42:03,13.1 mi,05:26:55
Tim Kadel,497,110,590,924,40-44,46,CA,USA,---,2272,00:44:57,1.2 mi,00:05:12,02:49:03,56 mi,00:01:51,01:45:53,13.1 mi,05:26:56
Scott Hardy,498,58,591,2421,45-49,---,UT,USA,---,2300,00:38:16,1.2 mi,00:05:24,02:51:28,56 mi,00:03:53,01:47:58,13.1 mi,05:26:59
Cesar Padilla,499,111,592,1030,40-44,46,CA,USA,---,2270,00:41:16,1.2 mi,00:07:17,02:45:30,56 mi,00:02:36,01:50:24,13.1 mi,05:27:03
Bryon Halperin,500,51,593,621,25-29,30,CA,USA,---,2295,00:32:41,1.2 mi,00:03:59,02:37:47,56 mi,00:02:43,02:10:08,13.1 mi,05:27:18
Gary Maxwell,501,3,594,1535,60-64,66,CA,USA,---,3225,00:39:32,1.2 mi,00:05:23,02:49:05,56 mi,00:02:04,01:51:14,13.1 mi,05:27:18
Rachel Goodman,94,22,595,2186,30-34,37,AZ,USA,---,2759,00:35:54,1.2 mi,00:05:08,02:49:13,56 mi,00:02:16,01:54:51,13.1 mi,05:27:22
Rolando Farrach,502,13,596,1431,55-59,60,guatemala,GTM,---,2938,00:47:25,1.2 mi,00:05:43,02:44:41,56 mi,00:02:51,01:46:46,13.1 mi,05:27:26
Michael Martines,503,96,597,355,35-39,39,CA,USA,---,2225,00:32:20,1.2 mi,00:04:48,02:49:15,56 mi,00:03:24,01:57:47,13.1 mi,05:27:34
David Groom,504,4,598,1534,60-64,67,CA,USA,---,3219,00:38:49,1.2 mi,00:05:19,02:38:34,56 mi,00:02:34,02:02:23,13.1 mi,05:27:39
Cathleen Stafford,95,12,599,1679,40-44,46,CA,USA,---,3062,00:34:39,1.2 mi,00:05:01,02:48:35,56 mi,00:03:00,01:56:24,13.1 mi,05:27:39
Curt Mcgeeney,505,81,600,2789,30-34,35,KS,USA,---,2277,00:39:04,1.2 mi,00:06:44,02:48:07,56 mi,00:04:24,01:49:27,13.1 mi,05:27:46
Jorge Moreno,506,97,601,369,35-39,43,Puebla,MEX,---,2219,00:34:34,1.2 mi,00:05:42,02:51:53,56 mi,00:03:42,01:52:00,13.1 mi,05:27:51
Kelly Tisone,96,13,602,1690,40-44,46,CA,USA,---,3059,00:39:58,1.2 mi,00:06:46,02:57:13,56 mi,00:02:54,01:41:01,13.1 mi,05:27:52
Barrett Nelson,507,98,603,377,35-39,40,UT,USA,---,2218,00:37:33,1.2 mi,00:04:13,02:46:57,56 mi,00:02:57,01:56:15,13.1 mi,05:27:55
Matt Allaire,508,112,604,701,40-44,45,CA,USA,---,2254,00:39:47,1.2 mi,00:04:24,02:40:27,56 mi,00:03:17,02:00:00,13.1 mi,05:27:55
Roger Saenz,509,34,605,1223,50-54,54,CA,USA,---,2489,00:38:08,1.2 mi,00:04:47,02:48:47,56 mi,00:03:36,01:52:37,13.1 mi,05:27:55
Joel Splan,510,99,606,461,35-39,40,IL,USA,---,2218,00:40:23,1.2 mi,00:04:50,02:59:00,56 mi,00:03:16,01:40:27,13.1 mi,05:27:56
Fran Sur,511,100,607,468,35-39,40,CA,USA,---,2218,00:44:03,1.2 mi,00:05:20,02:45:09,56 mi,00:02:00,01:51:25,13.1 mi,05:27:57
Frank Finney,512,13,608,522,18-24,28,ID,USA,---,2610,00:34:34,1.2 mi,00:05:26,02:52:56,56 mi,00:04:41,01:50:26,13.1 mi,05:28:03
Jeremy Johnson,513,113,609,919,40-44,47,CA,USA,---,2247,00:36:57,1.2 mi,00:06:04,02:45:35,56 mi,00:02:51,01:56:51,13.1 mi,05:28:18
Jodie Taylor,97,14,610,1686,40-44,44,CO,USA,---,3048,00:40:34,1.2 mi,00:08:42,02:54:08,56 mi,00:02:30,01:42:32,13.1 mi,05:28:26
David O'Hair,514,14,611,537,18-24,23,CA,USA,---,2601,00:43:52,1.2 mi,00:03:43,02:45:05,56 mi,00:01:26,01:54:27,13.1 mi,05:28:33
Brian Smith,515,114,612,1102,40-44,35,CA,USA,---,2243,00:34:03,1.2 mi,00:07:01,02:56:49,56 mi,00:03:50,01:46:51,13.1 mi,05:28:34
Denten Robinson,516,101,613,429,35-39,39,AZ,USA,---,2206,00:38:04,1.2 mi,00:04:14,02:42:15,56 mi,00:06:03,01:57:59,13.1 mi,05:28:35
Megan Lynch,98,15,614,2062,35-39,41,CA,USA,---,2764,00:39:37,1.2 mi,00:06:33,03:07:38,56 mi,00:02:47,01:32:16,13.1 mi,05:28:51
Shawn Bernardi,517,115,615,729,40-44,44,AZ,USA,---,2237,00:41:15,1.2 mi,00:06:12,02:49:16,56 mi,00:02:39,01:49:32,13.1 mi,05:28:54
Mark Dykhouse,518,5,616,1501,60-64,63,CA,USA,---,3195,00:40:45,1.2 mi,00:06:39,02:45:55,56 mi,00:02:03,01:53:35,13.1 mi,05:28:57
Katie Morse,99,13,617,1878,25-29,31,CA,USA,---,2970,00:39:32,1.2 mi,00:03:25,02:59:22,56 mi,00:02:07,01:44:32,13.1 mi,05:28:58
Rob Elkins,519,102,618,232,35-39,41,CA,USA,---,2198,00:42:34,1.2 mi,00:04:00,02:50:34,56 mi,00:02:02,01:49:51,13.1 mi,05:29:01
Neil Barry,520,82,619,2633,30-34,37,CA,USA,---,2255,00:42:42,1.2 mi,00:09:43,02:46:29,56 mi,00:04:52,01:45:15,13.1 mi,05:29:01
Kimberlee Rouse,100,1,620,2287,55-59,61,CA,USA,---,3500,00:44:38,1.2 mi,00:05:59,02:50:56,56 mi,00:03:18,01:44:24,13.1 mi,05:29:15
Moka Best,101,14,621,1834,25-29,29,UT,USA,---,2964,00:38:34,1.2 mi,00:03:50,02:49:44,56 mi,00:02:01,01:55:08,13.1 mi,05:29:17
Doug Barton,521,14,622,1392,55-59,59,CA,USA,---,2904,00:42:57,1.2 mi,00:06:25,02:47:20,56 mi,00:04:35,01:48:01,13.1 mi,05:29:18
Robert White,522,59,623,2596,45-49,49,OR,USA,---,2258,00:35:41,1.2 mi,00:04:35,02:48:16,56 mi,00:02:51,01:57:55,13.1 mi,05:29:18
Michael Britt,523,60,624,2328,45-49,51,WA,USA,---,2258,00:36:15,1.2 mi,00:05:45,02:51:30,56 mi,00:02:00,01:53:50,13.1 mi,05:29:20
Daniel Brewer,524,83,625,2641,30-34,36,AZ,USA,---,2246,00:35:15,1.2 mi,00:06:24,02:52:48,56 mi,00:02:57,01:52:06,13.1 mi,05:29:30
Faan Deswardt,525,116,626,808,40-44,44,CA,USA,---,2225,00:35:47,1.2 mi,00:07:14,02:47:47,56 mi,00:05:55,01:52:50,13.1 mi,05:29:33
Taylor Mckenna,526,84,627,2792,30-34,34,TX,USA,---,2240,00:38:05,1.2 mi,00:04:12,02:48:39,56 mi,00:03:31,01:55:24,13.1 mi,05:29:51
Al Dominguez,527,61,628,2376,45-49,52,---,USA,---,2248,00:40:48,1.2 mi,00:05:41,02:41:58,56 mi,00:02:29,01:58:58,13.1 mi,05:29:54
Mark Ellis,528,85,629,2691,30-34,36,CA,USA,---,2239,00:36:01,1.2 mi,00:05:06,03:07:25,56 mi,00:03:46,01:37:37,13.1 mi,05:29:55
Sydnie Heberling,102,23,630,2193,30-34,35,WA,USA,---,2711,00:36:47,1.2 mi,00:04:49,03:12:27,56 mi,00:01:46,01:34:15,13.1 mi,05:30:04
Gary Brown,529,103,631,181,35-39,40,CA,USA,---,2177,00:38:10,1.2 mi,00:06:20,02:47:55,56 mi,00:03:07,01:54:39,13.1 mi,05:30:11
Eric Boswell,530,117,632,741,40-44,47,MT,USA,---,2211,00:42:28,1.2 mi,00:05:00,02:51:41,56 mi,00:02:49,01:48:22,13.1 mi,05:30:20
Cheryl Ramancions,103,24,633,2242,30-34,38,CA,USA,---,2705,00:30:48,1.2 mi,00:03:32,02:57:37,56 mi,00:01:46,01:56:39,13.1 mi,05:30:22
Jake Bailey,531,86,634,2627,30-34,37,---,USA,---,2231,00:37:25,1.2 mi,00:04:25,02:57:21,56 mi,00:02:42,01:48:29,13.1 mi,05:30:22
Cary Craig,104,2,635,2271,55-59,58,CA,USA,---,3478,00:38:58,1.2 mi,00:05:46,02:50:06,56 mi,00:02:48,01:52:50,13.1 mi,05:30:28
Bill Olliver,532,35,636,1323,50-54,56,CA,USA,---,2442,00:41:21,1.2 mi,00:07:09,02:52:13,56 mi,00:03:53,01:45:57,13.1 mi,05:30:33
Brian Amende,533,104,637,134,35-39,38,CA,USA,---,2170,00:35:38,1.2 mi,00:03:44,03:04:28,56 mi,00:02:20,01:44:25,13.1 mi,05:30:35
Brian Smallwood,534,15,638,1463,55-59,61,CA,USA,---,2880,00:35:59,1.2 mi,00:04:08,02:41:49,56 mi,00:01:35,02:07:06,13.1 mi,05:30:37
Ty Haeber,535,62,639,2418,45-49,49,CA,USA,---,2234,00:44:07,1.2 mi,00:07:33,02:42:21,56 mi,00:02:24,01:54:15,13.1 mi,05:30:40
Bruce Lin,536,118,640,960,40-44,46,CA,USA,---,2204,00:39:02,1.2 mi,00:05:18,02:52:31,56 mi,00:01:44,01:52:08,13.1 mi,05:30:43
Toni Brenzikofer,105,25,641,2254,30-34,38,CO,USA,---,2697,00:39:58,1.2 mi,00:07:56,02:52:05,56 mi,00:05:21,01:45:31,13.1 mi,05:30:51
Carlos Campos,537,87,642,2653,30-34,37,---,MEX,---,2220,00:37:45,1.2 mi,00:03:55,02:55:18,56 mi,00:02:29,01:51:31,13.1 mi,05:30:58
Scott Clausen,538,105,643,200,35-39,42,CA,USA,---,2163,00:35:48,1.2 mi,00:04:52,02:45:39,56 mi,00:03:17,02:01:23,13.1 mi,05:30:59
Missy Shepherd,106,16,644,2104,35-39,43,---,USA,---,2725,00:40:03,1.2 mi,00:05:11,02:50:19,56 mi,00:04:45,01:50:42,13.1 mi,05:31:00
William Eaton,539,106,645,230,35-39,38,CO,USA,---,2162,00:37:20,1.2 mi,00:06:34,02:46:19,56 mi,00:03:30,01:57:19,13.1 mi,05:31:02
Jon Yarris,540,107,646,509,35-39,41,OR,USA,---,2162,00:33:16,1.2 mi,00:04:40,02:56:28,56 mi,00:05:09,01:51:30,13.1 mi,05:31:03
Greg Odonnell,541,6,647,1520,60-64,64,NV,USA,---,3157,00:37:41,1.2 mi,00:05:25,02:48:54,56 mi,00:04:50,01:54:16,13.1 mi,05:31:06
Alex Garcia,542,36,648,1197,50-54,54,CA,USA,---,2430,00:42:59,1.2 mi,00:04:22,02:54:14,56 mi,00:04:19,01:45:20,13.1 mi,05:31:14
Rebecca Cota,107,15,649,1850,25-29,30,---,USA,---,2925,00:34:17,1.2 mi,00:04:12,03:02:55,56 mi,00:03:00,01:47:03,13.1 mi,05:31:27
Johnny West,543,119,650,1163,40-44,48,CA,USA,---,2189,00:35:59,1.2 mi,00:04:04,02:54:11,56 mi,00:03:14,01:54:05,13.1 mi,05:31:33
Paul Akin,544,37,651,1363,50-54,57,CA,USA,---,2422,00:32:47,1.2 mi,00:05:07,02:59:35,56 mi,00:04:08,01:50:02,13.1 mi,05:31:39
Salvador Rodarte,545,38,652,1377,50-54,58,Intl State,MEX,---,2421,00:37:40,1.2 mi,00:05:42,02:59:08,56 mi,00:03:51,01:45:23,13.1 mi,05:31:44
Marta Lewinski,108,17,653,2057,35-39,43,MN,USA,---,2711,00:40:00,1.2 mi,00:04:23,02:53:33,56 mi,00:02:49,01:51:01,13.1 mi,05:31:46
Jim Torii,546,39,654,1357,50-54,57,CA,USA,---,2420,00:37:03,1.2 mi,00:05:42,02:50:05,56 mi,00:02:22,01:56:36,13.1 mi,05:31:48
Dorinda Platt,109,11,655,1798,45-49,52,CA,USA,---,3065,00:41:44,1.2 mi,00:04:30,02:53:13,56 mi,00:03:43,01:48:50,13.1 mi,05:32:00
Peter Atwater,547,63,656,2306,45-49,50,CO,USA,---,2204,00:36:01,1.2 mi,00:04:32,02:51:41,56 mi,00:01:55,01:58:10,13.1 mi,05:32:19
Jesus Rodriguez,548,120,657,1072,40-44,45,CA,USA,---,2174,00:44:30,1.2 mi,00:06:10,02:49:20,56 mi,00:03:01,01:49:23,13.1 mi,05:32:24
Ryan Ricedorff,549,108,658,426,35-39,41,AZ,USA,---,2136,00:44:02,1.2 mi,00:05:45,02:52:56,56 mi,00:02:15,01:47:31,13.1 mi,05:32:29
Monica Kling,110,26,659,2209,30-34,38,CA,USA,---,2660,00:38:09,1.2 mi,00:04:17,02:50:09,56 mi,00:02:17,01:58:03,13.1 mi,05:32:55
Carlee Tulett,111,16,660,1895,25-29,32,UT,USA,---,2897,00:34:03,1.2 mi,00:05:19,02:59:15,56 mi,00:03:33,01:50:51,13.1 mi,05:33:01
Nikki Moreno,112,27,661,2230,30-34,36,HI,USA,---,2657,00:42:05,1.2 mi,00:05:10,02:58:32,56 mi,00:02:07,01:45:11,13.1 mi,05:33:05
Mark Vosti,550,121,662,1148,40-44,48,UT,USA,---,2160,00:40:51,1.2 mi,00:03:40,02:51:19,56 mi,00:02:24,01:54:56,13.1 mi,05:33:10
Kelly Moore,551,64,663,2484,45-49,52,WA,USA,---,2186,00:40:28,1.2 mi,00:06:28,02:46:53,56 mi,00:04:36,01:54:55,13.1 mi,05:33:20
Tiffany Jameson,113,18,664,2085,35-39,42,CA,USA,---,2681,00:42:43,1.2 mi,00:04:54,02:53:27,56 mi,00:02:32,01:49:52,13.1 mi,05:33:28
Octavio Ibarra,552,109,665,297,35-39,43,FL,USA,---,2118,00:39:47,1.2 mi,00:05:55,02:56:21,56 mi,00:04:17,01:47:09,13.1 mi,05:33:29
Jenna Novotny,114,17,666,1879,25-29,30,CA,USA,---,2889,00:34:54,1.2 mi,00:06:20,02:50:54,56 mi,00:02:56,01:58:25,13.1 mi,05:33:29
Bruce Smerker,553,122,667,1101,40-44,48,CA,USA,---,2154,00:36:31,1.2 mi,00:05:11,02:56:26,56 mi,00:03:59,01:51:23,13.1 mi,05:33:30
Juan Huerdo,554,52,668,629,25-29,30,mexico city,MEX,---,2182,00:40:46,1.2 mi,00:03:45,02:57:28,56 mi,00:03:46,01:47:50,13.1 mi,05:33:35
Erin Gunn,115,28,669,2189,30-34,34,CA,USA,---,2643,00:46:02,1.2 mi,00:03:33,03:05:43,56 mi,00:01:49,01:36:44,13.1 mi,05:33:51
Tamara Tabeek,116,6,670,1967,50-54,56,CA,USA,---,2973,00:40:47,1.2 mi,00:04:39,02:53:05,56 mi,00:02:22,01:53:00,13.1 mi,05:33:53
Dan Dellinger,555,110,671,215,35-39,39,CA,USA,---,2110,00:33:01,1.2 mi,00:04:06,03:04:05,56 mi,00:03:56,01:48:48,13.1 mi,05:33:56
Shayne Kennedy,556,123,672,931,40-44,46,CA,USA,---,2145,00:40:42,1.2 mi,00:07:12,02:42:55,56 mi,00:04:24,01:58:46,13.1 mi,05:33:59
Jason Lewis,557,124,673,959,40-44,46,CA,USA,---,2143,00:39:47,1.2 mi,00:05:37,02:49:02,56 mi,00:03:44,01:55:55,13.1 mi,05:34:05
Gabe Phillips,558,111,674,404,35-39,42,AZ,USA,---,2107,00:32:55,1.2 mi,00:06:49,02:43:48,56 mi,00:07:36,02:02:59,13.1 mi,05:34:07
Michael Ferree,559,112,675,240,35-39,39,CA,USA,---,2105,00:32:25,1.2 mi,00:06:46,02:57:07,56 mi,00:04:11,01:53:44,13.1 mi,05:34:13
Marcia Valenzuela,117,29,676,2260,30-34,37,CA,USA,---,2636,00:34:55,1.2 mi,00:05:40,03:04:20,56 mi,00:02:22,01:46:56,13.1 mi,05:34:13
Darren Malo,560,113,677,353,35-39,41,CA,USA,---,2101,00:36:48,1.2 mi,00:05:32,02:51:35,56 mi,00:03:16,01:57:15,13.1 mi,05:34:26
Forrest Evans,561,114,678,236,35-39,39,CA,USA,---,2097,00:37:44,1.2 mi,00:05:06,02:55:08,56 mi,00:02:20,01:54:21,13.1 mi,05:34:39
Rebecca Reichardt,118,30,679,2243,30-34,38,CA,USA,---,2628,00:36:56,1.2 mi,00:04:37,02:58:22,56 mi,00:02:09,01:52:35,13.1 mi,05:34:39
Stuart Arbuckle,562,65,680,2303,45-49,51,CA,USA,---,2161,00:42:03,1.2 mi,00:06:24,02:51:06,56 mi,00:03:50,01:51:19,13.1 mi,05:34:42
Darren Sandberg,563,115,681,439,35-39,43,CA,USA,---,2095,00:36:22,1.2 mi,00:04:22,02:51:20,56 mi,00:03:07,01:59:34,13.1 mi,05:34:45
Guy Lucian,564,53,682,640,25-29,30,NY,USA,---,2159,00:32:50,1.2 mi,00:04:56,03:02:47,56 mi,00:03:43,01:50:34,13.1 mi,05:34:50
John Mccormick,565,116,683,357,35-39,39,CA,USA,---,2093,00:35:56,1.2 mi,00:06:13,02:58:34,56 mi,00:02:22,01:51:49,13.1 mi,05:34:54
Kai Peters,566,125,684,1047,40-44,45,CA,USA,---,2128,00:29:17,1.2 mi,00:06:15,03:08:24,56 mi,00:03:23,01:47:38,13.1 mi,05:34:57
Neil Geraghty,567,66,685,2408,45-49,51,CA,USA,---,2157,00:37:54,1.2 mi,00:06:26,02:52:46,56 mi,00:04:07,01:53:44,13.1 mi,05:34:57
Tim Weidenkeller,568,40,686,1361,50-54,57,CA,USA,---,2362,00:36:25,1.2 mi,00:06:15,02:53:45,56 mi,00:03:24,01:55:10,13.1 mi,05:34:59
Ryan Lastimosa,569,88,687,2763,30-34,37,CA,USA,---,2146,00:38:28,1.2 mi,00:04:20,02:45:21,56 mi,00:03:07,02:03:49,13.1 mi,05:35:05
Glenn Younger,570,54,688,695,25-29,30,CA,USA,---,2153,00:40:33,1.2 mi,00:05:08,02:54:47,56 mi,00:05:03,01:49:39,13.1 mi,05:35:10
Megan Hoefer Zylak,119,12,689,1756,45-49,48,WA,USA,---,3007,00:39:34,1.2 mi,00:05:48,02:52:19,56 mi,00:03:57,01:53:38,13.1 mi,05:35:16
Alfonso Sobero,571,67,690,2552,45-49,48,Puebla,MEX,---,2150,00:39:40,1.2 mi,00:05:51,02:39:25,56 mi,00:02:25,02:07:57,13.1 mi,05:35:18
Thomas Howells,572,126,691,905,40-44,44,UT,USA,---,2120,00:40:11,1.2 mi,00:05:55,02:50:25,56 mi,00:03:11,01:55:42,13.1 mi,05:35:24
Sheryl Bidart,120,19,692,2001,35-39,42,NV,USA,---,2646,00:34:32,1.2 mi,00:04:51,02:57:48,56 mi,00:02:47,01:55:26,13.1 mi,05:35:24
Gary Donath,573,41,693,1364,50-54,58,CA,USA,---,2353,00:35:32,1.2 mi,00:08:38,02:48:49,56 mi,00:05:00,01:57:32,13.1 mi,05:35:31
Thierry Pombart,574,127,694,1055,40-44,44,CA,USA,---,2117,00:39:03,1.2 mi,00:04:30,02:59:07,56 mi,00:02:36,01:50:16,13.1 mi,05:35:32
Chad Chisholm,575,89,695,2661,30-34,38,AZ,USA,---,2136,00:38:35,1.2 mi,00:05:12,02:55:14,56 mi,00:04:55,01:51:42,13.1 mi,05:35:38
Rik Wlodarczyk,576,90,696,2903,30-34,36,CA,USA,---,2135,00:40:32,1.2 mi,00:06:50,02:45:18,56 mi,00:04:59,01:58:00,13.1 mi,05:35:39
Jeremy Osborne,577,91,697,2814,30-34,36,CA,USA,---,2134,00:36:17,1.2 mi,00:06:47,02:54:57,56 mi,00:02:29,01:55:14,13.1 mi,05:35:44
Alexander Basa,578,117,698,153,35-39,40,CA,USA,---,2076,00:44:00,1.2 mi,00:06:56,02:52:49,56 mi,00:02:23,01:49:40,13.1 mi,05:35:48
Kim Rojas,121,20,699,2098,35-39,42,CA,USA,---,2638,00:39:39,1.2 mi,00:04:18,02:56:56,56 mi,00:02:08,01:52:49,13.1 mi,05:35:50
Carl Glass,579,55,700,617,25-29,33,CA,USA,---,2141,00:42:32,1.2 mi,00:06:03,02:59:21,56 mi,00:02:53,01:45:03,13.1 mi,05:35:52
Danny Demsky,580,118,701,217,35-39,39,CA,USA,---,2075,00:37:07,1.2 mi,00:05:46,02:59:04,56 mi,00:02:37,01:51:19,13.1 mi,05:35:53
Cami Zolghadri,581,42,702,1297,50-54,55,CA,USA,---,2346,00:40:41,1.2 mi,00:06:30,02:51:44,56 mi,00:03:38,01:53:21,13.1 mi,05:35:54
Greg Tate,582,128,703,1123,40-44,45,CA,USA,---,2110,00:33:51,1.2 mi,00:05:48,02:54:39,56 mi,00:04:17,01:57:21,13.1 mi,05:35:56
Ronald Skoda,583,119,704,456,35-39,40,CA,USA,---,2074,00:53:24,1.2 mi,00:06:22,02:47:24,56 mi,00:02:41,01:46:06,13.1 mi,05:35:57
Greg Garn,584,129,705,860,40-44,45,AZ,USA,---,2109,00:39:04,1.2 mi,00:05:20,02:53:35,56 mi,00:02:56,01:55:03,13.1 mi,05:35:58
David Hanson,585,130,706,891,40-44,46,CA,USA,---,2108,00:37:33,1.2 mi,00:05:56,02:51:41,56 mi,00:03:15,01:57:37,13.1 mi,05:36:02
Tim Price,586,120,707,412,35-39,42,CA,USA,---,2070,00:41:10,1.2 mi,00:04:10,02:56:22,56 mi,00:02:46,01:51:40,13.1 mi,05:36:08
Michael Brown,587,68,708,2332,45-49,53,CA,USA,---,2133,00:41:03,1.2 mi,00:05:53,02:31:47,56 mi,00:06:16,02:11:18,13.1 mi,05:36:17
Mark Goddard,588,121,709,262,35-39,38,CA,USA,---,2067,00:39:47,1.2 mi,00:06:10,02:53:11,56 mi,00:03:19,01:53:52,13.1 mi,05:36:19
Christine Desrochers,122,13,710,1739,45-49,49,CA,USA,---,2987,00:44:22,1.2 mi,00:04:36,02:47:32,56 mi,00:01:55,01:57:55,13.1 mi,05:36:20
Brenda Gustin,123,7,711,1924,50-54,56,CA,USA,---,2928,00:45:22,1.2 mi,00:04:47,02:50:37,56 mi,00:01:52,01:53:44,13.1 mi,05:36:22
Calvin Mingione,589,56,712,647,25-29,29,CA,USA,---,2132,00:37:53,1.2 mi,00:07:00,03:04:07,56 mi,00:06:10,01:41:13,13.1 mi,05:36:23
Yvette Irons,124,8,713,1928,50-54,55,CA,USA,---,2927,00:39:42,1.2 mi,00:04:36,03:01:13,56 mi,00:02:19,01:48:36,13.1 mi,05:36:26
Simon Horton,590,131,714,903,40-44,48,CA,USA,---,2098,00:35:09,1.2 mi,00:05:41,02:55:19,56 mi,00:03:52,01:56:34,13.1 mi,05:36:35
Ried Horton,591,122,715,293,35-39,39,AZ,USA,---,2062,00:40:56,1.2 mi,00:05:53,02:58:39,56 mi,00:04:44,01:46:25,13.1 mi,05:36:37
Seth Perry,592,92,716,2821,30-34,36,CA,USA,---,2118,00:33:45,1.2 mi,00:05:16,03:02:28,56 mi,00:02:23,01:52:46,13.1 mi,05:36:38
William Frew,593,123,717,245,35-39,43,CA,USA,---,2060,00:40:53,1.2 mi,00:04:36,02:45:20,56 mi,00:02:04,02:03:49,13.1 mi,05:36:42
Mike Gray,594,43,718,1259,50-54,54,CA,USA,---,2331,00:35:39,1.2 mi,00:05:11,02:59:19,56 mi,00:03:17,01:53:16,13.1 mi,05:36:42
Richard Bouton,595,16,719,1486,55-59,62,CA,USA,---,2770,00:41:28,1.2 mi,00:06:12,02:55:59,56 mi,00:04:47,01:48:20,13.1 mi,05:36:46
Kristin Yarris,125,21,720,2137,35-39,43,OR,USA,---,2621,00:37:42,1.2 mi,00:03:32,02:58:06,56 mi,00:01:50,01:55:36,13.1 mi,05:36:46
Romney Black,596,124,721,168,35-39,42,UT,USA,---,2058,00:40:31,1.2 mi,00:06:18,02:43:31,56 mi,00:02:36,02:03:52,13.1 mi,05:36:48
Molly Romais,126,31,722,2208,30-34,35,CA,USA,---,2588,00:40:00,1.2 mi,00:04:51,03:01:14,56 mi,00:02:12,01:48:37,13.1 mi,05:36:54
Jay Zacharias,597,17,723,1448,55-59,59,AZ,USA,---,2766,00:37:19,1.2 mi,00:06:22,02:55:23,56 mi,00:06:00,01:51:55,13.1 mi,05:36:59
Stacy Johns,127,15,724,1620,40-44,46,VA,USA,---,2894,00:39:36,1.2 mi,00:05:15,03:00:10,56 mi,00:02:35,01:49:24,13.1 mi,05:37:00
Michael Liwski,598,125,725,342,35-39,41,CA,USA,---,2048,00:41:26,1.2 mi,00:06:12,02:52:23,56 mi,00:03:33,01:53:47,13.1 mi,05:37:21
Sam Doolittle,599,132,726,812,40-44,47,CA,USA,---,2084,00:39:56,1.2 mi,00:05:10,02:59:40,56 mi,00:03:56,01:48:39,13.1 mi,05:37:21
Mimi Ford,128,9,727,1918,50-54,56,AZ,USA,---,2909,00:37:53,1.2 mi,00:08:08,02:50:08,56 mi,00:03:17,01:58:01,13.1 mi,05:37:27
Gabriel Garcia,600,126,728,250,35-39,39,CA,USA,---,2045,00:44:46,1.2 mi,00:05:52,02:55:02,56 mi,00:02:59,01:48:53,13.1 mi,05:37:32
John Towart,601,7,729,1529,60-64,66,CA,USA,---,3037,00:34:28,1.2 mi,00:05:16,02:54:35,56 mi,00:03:43,01:59:43,13.1 mi,05:37:45
Michael Carey,602,18,730,1393,55-59,58,CA,USA,---,2751,00:45:39,1.2 mi,00:08:26,02:53:12,56 mi,00:03:15,01:47:17,13.1 mi,05:37:49
David Lee,603,69,731,2453,45-49,52,CA,USA,---,2105,00:42:54,1.2 mi,00:06:17,02:44:58,56 mi,00:02:54,02:00:47,13.1 mi,05:37:50
Matt Shewey,604,127,732,454,35-39,40,CA,USA,---,2039,00:40:46,1.2 mi,00:06:05,02:53:05,56 mi,00:02:33,01:55:23,13.1 mi,05:37:52
Troy Ence,605,133,733,829,40-44,45,UT,USA,---,2072,00:38:14,1.2 mi,00:06:58,02:49:23,56 mi,00:04:42,01:58:44,13.1 mi,05:38:01
Kathi Best,129,10,734,1907,50-54,58,WA,USA,---,2895,00:41:35,1.2 mi,00:06:52,03:00:08,56 mi,00:02:40,01:46:57,13.1 mi,05:38:12
Noah Garrett,606,128,735,254,35-39,39,CA,USA,---,2033,00:29:10,1.2 mi,00:05:53,03:00:44,56 mi,00:04:48,01:57:39,13.1 mi,05:38:14
Allison Tolins,130,18,736,1894,25-29,29,CA,USA,---,2803,00:44:46,1.2 mi,00:09:08,02:46:24,56 mi,00:05:26,01:52:32,13.1 mi,05:38:16
Mark Kern,607,129,737,307,35-39,48,CA,USA,---,2031,00:41:43,1.2 mi,00:07:48,02:56:33,56 mi,00:04:46,01:47:28,13.1 mi,05:38:18
David Doughty,608,70,738,2379,45-49,53,OR,USA,---,2096,00:42:07,1.2 mi,00:09:39,02:52:50,56 mi,00:03:53,01:49:51,13.1 mi,05:38:20
Jennifer Gray,131,16,739,1612,40-44,44,MA,USA,---,2868,00:40:39,1.2 mi,00:08:06,03:00:56,56 mi,00:04:44,01:44:02,13.1 mi,05:38:27
Russ Williams,609,71,740,2598,45-49,49,CO,USA,---,2091,00:41:46,1.2 mi,00:05:38,02:52:25,56 mi,00:02:55,01:55:51,13.1 mi,05:38:35
Noah Nodalo,610,93,741,2808,30-34,35,CA,USA,---,2081,00:43:01,1.2 mi,00:04:51,03:24:14,56 mi,00:03:51,01:22:45,13.1 mi,05:38:42
Matt Houghton,611,94,742,2740,30-34,33,CA,USA,---,2080,00:46:46,1.2 mi,00:03:34,02:49:57,56 mi,00:01:35,01:56:51,13.1 mi,05:38:43
Kelly Walsh,132,32,743,2262,30-34,34,CA,USA,---,2553,00:35:34,1.2 mi,00:05:07,03:04:18,56 mi,00:03:01,01:50:49,13.1 mi,05:38:49
Greg Sexton,612,19,744,1462,55-59,61,CA,USA,---,2732,00:34:02,1.2 mi,00:06:33,02:52:01,56 mi,00:03:29,02:02:45,13.1 mi,05:38:50
Christopher Menjou,613,72,745,2481,45-49,49,CA,USA,---,2085,00:30:55,1.2 mi,00:06:08,02:55:07,56 mi,00:04:07,02:02:38,13.1 mi,05:38:55
James Tyler,614,44,746,1328,50-54,56,CA,USA,---,2291,00:36:40,1.2 mi,00:03:42,03:00:39,56 mi,00:03:56,01:54:00,13.1 mi,05:38:57
James Lewis,615,57,747,639,25-29,31,CA,USA,---,2084,00:36:47,1.2 mi,00:04:28,02:55:31,56 mi,00:03:52,01:58:22,13.1 mi,05:39:00
Derek Morris,616,130,748,370,35-39,40,ID,USA,---,2018,00:38:16,1.2 mi,00:05:46,02:47:50,56 mi,00:02:57,02:04:14,13.1 mi,05:39:03
Bob Littrell,617,20,749,1407,55-59,59,CA,USA,---,2728,00:36:26,1.2 mi,00:07:53,02:54:52,56 mi,00:05:15,01:54:40,13.1 mi,05:39:06
Mark Mayfield,618,134,750,983,40-44,45,CA,USA,---,2051,00:38:09,1.2 mi,00:05:36,03:00:23,56 mi,00:02:45,01:52:18,13.1 mi,05:39:11
Catherine Eastman,133,19,751,1853,25-29,31,OR,USA,---,2786,00:30:34,1.2 mi,00:04:32,03:03:09,56 mi,00:03:06,01:57:51,13.1 mi,05:39:12
John Saunders,619,73,752,2533,45-49,53,CA,USA,---,2080,00:43:19,1.2 mi,00:07:29,02:47:40,56 mi,00:05:20,01:55:24,13.1 mi,05:39:12
Iker Sanz,620,95,753,2852,30-34,36,cuajimalpa,MEX,---,2071,00:39:49,1.2 mi,00:04:35,02:58:04,56 mi,00:03:38,01:53:08,13.1 mi,05:39:14
Robert Ramirez,621,131,754,416,35-39,40,CA,USA,---,2011,00:49:52,1.2 mi,00:05:31,03:05:16,56 mi,00:03:00,01:35:46,13.1 mi,05:39:25
James Thompson,622,132,755,472,35-39,41,CA,USA,---,2011,00:33:31,1.2 mi,00:04:31,03:00:41,56 mi,00:02:37,01:58:07,13.1 mi,05:39:27
Thiago Kafejian,623,133,756,306,35-39,42,Lisboa,BRA,---,2009,00:36:14,1.2 mi,00:07:18,02:55:56,56 mi,00:04:43,01:55:21,13.1 mi,05:39:32
Stan Beraznik,624,135,757,727,40-44,48,CA,USA,---,2043,00:43:54,1.2 mi,00:10:05,02:54:34,56 mi,00:03:27,01:47:40,13.1 mi,05:39:40
Christopher Syktich,625,74,758,2565,45-49,49,CA,USA,---,2072,00:45:58,1.2 mi,00:06:51,02:41:48,56 mi,00:03:04,02:02:00,13.1 mi,05:39:41
Bryan Mcgeeney,626,96,759,2790,30-34,38,OR,USA,---,2062,00:37:58,1.2 mi,00:04:58,02:56:56,56 mi,00:02:47,01:57:04,13.1 mi,05:39:43
Chris Kuebert,627,97,760,2759,30-34,35,CA,USA,---,2062,00:37:43,1.2 mi,00:04:36,02:55:26,56 mi,00:02:17,01:59:43,13.1 mi,05:39:45
Gary Peterson,628,136,761,1050,40-44,45,CA,USA,---,2040,00:41:59,1.2 mi,00:07:12,02:57:50,56 mi,00:02:29,01:50:18,13.1 mi,05:39:48
Keith Helman,629,98,762,2735,30-34,36,PA,USA,---,2059,00:41:52,1.2 mi,00:06:51,03:04:26,56 mi,00:03:38,01:43:08,13.1 mi,05:39:55
Erica Baylor,134,17,763,1578,40-44,46,CA,USA,---,2841,00:42:15,1.2 mi,00:06:32,03:05:46,56 mi,00:03:56,01:41:29,13.1 mi,05:39:58
Peter Chandler,630,134,764,190,35-39,38,CA,USA,---,2000,00:39:32,1.2 mi,00:05:19,02:58:29,56 mi,00:02:29,01:54:14,13.1 mi,05:40:03
Artie Alvidrez,631,8,765,1514,60-64,65,CA,USA,---,2996,00:45:34,1.2 mi,00:06:42,02:54:55,56 mi,00:02:53,01:49:59,13.1 mi,05:40:03
Mike Ortiz,632,45,766,1211,50-54,47,CA,USA,---,2268,00:44:05,1.2 mi,00:08:54,02:46:29,56 mi,00:03:17,01:57:27,13.1 mi,05:40:12
Andrew Henry,633,58,767,626,25-29,32,CA,USA,---,2063,00:29:30,1.2 mi,00:03:42,03:00:23,56 mi,00:03:47,02:02:51,13.1 mi,05:40:13
Paul Bania,634,99,768,2628,30-34,34,CA,USA,---,2053,00:41:48,1.2 mi,00:07:06,03:00:22,56 mi,00:03:07,01:47:50,13.1 mi,05:40:13
Ed Clarich,635,46,769,1306,50-54,56,CA,USA,---,2261,00:39:15,1.2 mi,00:07:01,02:57:56,56 mi,00:03:27,01:52:56,13.1 mi,05:40:35
Herman Mcdaniel,636,75,770,2476,45-49,52,CA,USA,---,2055,00:44:13,1.2 mi,00:06:55,02:45:54,56 mi,00:03:35,02:00:00,13.1 mi,05:40:37
Liz Granquist,135,14,771,1749,45-49,50,CA,USA,---,2909,00:37:59,1.2 mi,00:06:09,02:54:31,56 mi,00:04:27,01:57:34,13.1 mi,05:40:40
Rusty Carter,637,135,772,187,35-39,41,CA,USA,---,1985,00:39:03,1.2 mi,00:05:56,02:55:10,56 mi,00:02:11,01:58:31,13.1 mi,05:40:51
Danny Wallen,638,76,773,2590,45-49,50,CA,USA,---,2047,00:33:01,1.2 mi,00:06:31,03:05:49,56 mi,00:04:49,01:50:52,13.1 mi,05:41:02
Scott Matney,639,137,774,981,40-44,44,VA,USA,---,2018,00:39:10,1.2 mi,00:06:39,03:03:16,56 mi,00:03:16,01:48:43,13.1 mi,05:41:04
Justin Davies,640,59,775,589,25-29,30,NV,USA,---,2047,00:40:04,1.2 mi,00:03:48,02:48:27,56 mi,00:03:08,02:05:39,13.1 mi,05:41:06
David Espiritu,641,77,776,2386,45-49,49,CA,USA,---,2046,00:40:02,1.2 mi,00:04:36,03:02:38,56 mi,00:02:45,01:51:06,13.1 mi,05:41:07
Rhonda Geiszler,136,15,777,1747,45-49,52,---,USA,---,2901,00:42:18,1.2 mi,00:05:09,02:53:34,56 mi,00:02:38,01:57:29,13.1 mi,05:41:08
Thomas Zaide,642,136,778,512,35-39,39,CA,USA,---,1980,00:39:35,1.2 mi,00:03:33,02:49:21,56 mi,00:01:40,02:07:00,13.1 mi,05:41:09
Sef Cuesico,643,138,779,793,40-44,45,CA,USA,---,2016,00:47:21,1.2 mi,00:05:00,02:48:33,56 mi,00:04:39,01:55:37,13.1 mi,05:41:10
Hunter Reed,644,15,780,539,18-24,28,CA,USA,---,2374,00:37:04,1.2 mi,00:04:16,03:02:53,56 mi,00:01:57,01:55:02,13.1 mi,05:41:12
Douglas Day,645,78,781,2368,45-49,48,CA,USA,---,2043,00:38:03,1.2 mi,00:06:56,02:39:48,56 mi,00:03:28,02:13:01,13.1 mi,05:41:16
Valerie Balogh,137,18,782,1575,40-44,46,WA,USA,---,2815,00:46:48,1.2 mi,00:05:12,02:54:18,56 mi,00:03:01,01:52:06,13.1 mi,05:41:25
Lauren Uhr,138,33,783,2258,30-34,36,---,USA,---,2504,00:40:44,1.2 mi,00:05:21,02:58:11,56 mi,00:04:01,01:53:17,13.1 mi,05:41:34
Steven Blankenship,646,16,784,515,18-24,22,CA,USA,---,2367,00:44:54,1.2 mi,00:04:21,02:55:06,56 mi,00:04:08,01:53:06,13.1 mi,05:41:35
Holly Wick,139,3,785,2296,55-59,58,CA,USA,---,3278,00:43:11,1.2 mi,00:05:32,02:57:40,56 mi,00:02:25,01:52:47,13.1 mi,05:41:35
Sue Rigler,140,16,786,1804,45-49,52,CA,USA,---,2892,00:43:58,1.2 mi,00:06:25,02:57:30,56 mi,00:02:02,01:51:43,13.1 mi,05:41:38
Brian Pick,647,100,787,2823,30-34,36,NV,USA,---,2027,00:36:43,1.2 mi,00:05:22,02:49:18,56 mi,00:03:52,02:06:27,13.1 mi,05:41:42
Brett Sumsion,648,137,788,466,35-39,39,MA,USA,---,1970,00:41:04,1.2 mi,00:04:37,02:58:17,56 mi,00:03:31,01:54:15,13.1 mi,05:41:44
Matthew Wittmann,649,101,789,2902,30-34,35,CA,USA,---,2025,00:37:08,1.2 mi,00:04:21,03:01:30,56 mi,00:04:02,01:54:47,13.1 mi,05:41:48
Tanner Jones,650,102,790,2750,30-34,38,---,USA,---,2024,00:39:31,1.2 mi,00:05:41,02:58:59,56 mi,00:05:32,01:52:07,13.1 mi,05:41:50
Tesia Forbes,141,34,791,2181,30-34,36,WA,USA,---,2499,00:36:32,1.2 mi,00:04:26,03:11:30,56 mi,00:02:20,01:47:03,13.1 mi,05:41:51
Kevin Mcnees,651,21,792,1411,55-59,59,CA,USA,---,2678,00:41:31,1.2 mi,00:08:12,02:57:54,56 mi,00:03:37,01:50:39,13.1 mi,05:41:53
Bart Stevens,652,103,793,2873,30-34,38,TX,USA,---,2022,00:38:41,1.2 mi,00:06:50,03:04:39,56 mi,00:03:58,01:47:50,13.1 mi,05:41:58
Justin Butler,653,60,794,574,25-29,31,---,USA,---,2030,00:38:12,1.2 mi,00:04:45,02:48:24,56 mi,00:02:55,02:07:44,13.1 mi,05:42:00
C.J. Park,654,139,795,1034,40-44,48,UT,USA,---,2000,00:35:24,1.2 mi,00:05:48,03:01:42,56 mi,00:04:23,01:54:44,13.1 mi,05:42:01
Luis Madrazo,655,104,796,2778,30-34,35,DF,MEX,---,2021,00:45:17,1.2 mi,00:04:07,03:02:01,56 mi,00:02:27,01:48:09,13.1 mi,05:42:01
Greg Stannard,656,22,797,1443,55-59,59,CA,USA,---,2674,00:42:36,1.2 mi,00:04:42,02:55:55,56 mi,00:02:39,01:56:13,13.1 mi,05:42:05
Lou Briones,657,2,798,1544,65-69,68,CA,USA,---,3149,00:38:19,1.2 mi,00:05:47,02:52:51,56 mi,00:02:57,02:02:11,13.1 mi,05:42:05
Ryan Ellis,658,140,799,826,40-44,45,CA,USA,---,1994,00:41:20,1.2 mi,00:06:12,03:10:05,56 mi,00:02:57,01:41:47,13.1 mi,05:42:21
Cuche Alarcon,659,141,800,699,40-44,45,Intl State,MEX,---,1994,00:38:22,1.2 mi,00:07:28,03:09:19,56 mi,00:04:50,01:42:24,13.1 mi,05:42:23
Brett Bingham,660,142,801,733,40-44,46,ID,USA,---,1993,00:51:31,1.2 mi,00:06:02,03:02:41,56 mi,00:03:00,01:39:13,13.1 mi,05:42:27
Joel Warren,661,23,802,1422,55-59,59,IL,USA,---,2663,00:44:05,1.2 mi,00:09:41,02:56:16,56 mi,00:03:34,01:49:05,13.1 mi,05:42:41
Cherryl Rose,142,11,803,1955,50-54,56,CA,USA,---,2813,00:39:25,1.2 mi,00:04:55,03:01:25,56 mi,00:03:14,01:53:49,13.1 mi,05:42:48
Curt Direnzi,662,105,804,2683,30-34,37,CA,USA,---,2003,00:49:42,1.2 mi,00:06:48,02:52:33,56 mi,00:02:50,01:51:08,13.1 mi,05:43:01
Marni Mcdowell,143,22,805,2067,35-39,42,ID,USA,---,2508,00:40:53,1.2 mi,00:04:46,03:09:30,56 mi,00:02:52,01:45:01,13.1 mi,05:43:02
Taylor Prosba,663,106,806,2825,30-34,37,CA,USA,---,2003,00:44:40,1.2 mi,00:05:21,02:52:22,56 mi,00:03:18,01:57:21,13.1 mi,05:43:02
Russ Cullins,664,143,807,794,40-44,45,CA,USA,---,1978,00:33:49,1.2 mi,00:07:12,02:49:57,56 mi,00:05:24,02:06:53,13.1 mi,05:43:15
Scott Ayres,665,138,808,144,35-39,42,CA,USA,---,1939,00:42:34,1.2 mi,00:07:42,03:25:36,56 mi,00:04:15,01:23:18,13.1 mi,05:43:25
David Warren,666,144,809,1158,40-44,47,CA,USA,---,1975,00:49:33,1.2 mi,00:07:48,02:54:19,56 mi,00:03:26,01:48:19,13.1 mi,05:43:25
Kirk Torres,667,139,810,476,35-39,42,CA,USA,---,1938,00:33:55,1.2 mi,00:04:57,03:04:39,56 mi,00:03:24,01:56:33,13.1 mi,05:43:28
Charles Phillips,668,9,811,1523,60-64,65,NV,USA,---,2933,00:40:27,1.2 mi,00:07:28,03:20:20,56 mi,00:05:16,01:30:00,13.1 mi,05:43:31
Laura Sand,144,23,812,2100,35-39,43,CA,USA,---,2499,00:43:02,1.2 mi,00:05:17,03:01:25,56 mi,00:02:42,01:51:06,13.1 mi,05:43:32
Tim Jones,669,145,813,921,40-44,47,CA,USA,---,1972,00:41:59,1.2 mi,00:05:09,02:55:44,56 mi,00:02:44,01:58:00,13.1 mi,05:43:36
Barbara Ann Bernard,145,1,814,117,30-34,36,NY,BHS,---,2466,00:40:27,1.2 mi,00:06:43,02:58:22,56 mi,00:02:15,01:55:53,13.1 mi,05:43:40
Robert Mcdonnell,670,146,815,986,40-44,44,CA,USA,---,1969,00:27:00,1.2 mi,00:07:17,02:57:28,56 mi,00:06:07,02:05:53,13.1 mi,05:43:45
Gregory Diggins,671,47,816,1191,50-54,54,CA,USA,---,2203,00:44:40,1.2 mi,00:15:07,02:58:34,56 mi,00:04:49,01:40:41,13.1 mi,05:43:51
Tom Flynn,672,48,817,1194,50-54,54,CA,USA,---,2201,00:39:17,1.2 mi,00:07:37,03:04:27,56 mi,00:07:41,01:44:53,13.1 mi,05:43:55
David Wachtel,673,147,818,1150,40-44,43,CA,USA,---,1965,00:38:53,1.2 mi,00:04:50,02:59:02,56 mi,00:03:30,01:57:45,13.1 mi,05:44:00
Kristen Thorkelson,146,19,819,1688,40-44,45,CA,USA,---,2768,00:36:56,1.2 mi,00:04:07,03:03:33,56 mi,00:05:51,01:53:33,13.1 mi,05:44:00
Adam Mihalik,674,107,820,2795,30-34,35,CA,USA,---,1985,00:36:23,1.2 mi,00:07:07,02:44:03,56 mi,00:05:25,02:11:02,13.1 mi,05:44:00
Gerardo Toledo,675,79,821,2576,45-49,49,CA,USA,---,1994,00:40:37,1.2 mi,00:04:24,02:48:04,56 mi,00:03:36,02:07:20,13.1 mi,05:44:01
Ken Pinchiff,676,80,822,2504,45-49,52,WA,USA,---,1993,00:43:43,1.2 mi,00:05:21,03:04:10,56 mi,00:02:38,01:48:10,13.1 mi,05:44:02
Buddy Olds,677,61,823,653,25-29,30,CA,USA,---,1993,00:29:34,1.2 mi,00:03:29,03:11:43,56 mi,00:02:52,01:56:28,13.1 mi,05:44:06
Glen Reiley,678,148,824,1067,40-44,45,AZ,USA,---,1962,00:43:43,1.2 mi,00:06:05,02:55:53,56 mi,00:04:16,01:54:13,13.1 mi,05:44:10
Gus Perez,679,149,825,1045,40-44,45,CA,USA,---,1958,00:49:25,1.2 mi,00:09:16,02:51:07,56 mi,00:04:13,01:50:21,13.1 mi,05:44:22
Min Fong,680,108,826,2703,30-34,36,CA,USA,---,1978,00:45:21,1.2 mi,00:04:23,02:55:12,56 mi,00:03:28,01:56:00,13.1 mi,05:44:24
Stacy Hadac,147,24,827,2027,35-39,43,TX,USA,---,2482,00:43:10,1.2 mi,00:05:04,02:56:34,56 mi,00:05:17,01:54:25,13.1 mi,05:44:30
John Wilker,681,140,828,500,35-39,40,CA,USA,---,1919,00:41:25,1.2 mi,00:04:24,03:00:03,56 mi,00:02:44,01:55:56,13.1 mi,05:44:32
Robert Flint,682,10,829,1515,60-64,65,OK,USA,---,2915,00:40:27,1.2 mi,00:04:52,03:07:52,56 mi,00:02:45,01:48:37,13.1 mi,05:44:33
Rod Reynolds,683,5,830,122,55-59,58,NY,GBR,---,2627,00:35:45,1.2 mi,00:04:21,02:57:46,56 mi,00:05:01,02:01:48,13.1 mi,05:44:41
Brad Hines,684,150,831,899,40-44,43,CA,USA,---,1951,00:38:24,1.2 mi,00:09:31,02:56:11,56 mi,00:05:53,01:54:48,13.1 mi,05:44:47
Jon Wieman,685,141,832,499,35-39,39,CA,USA,---,1914,00:29:03,1.2 mi,00:06:03,03:09:49,56 mi,00:05:48,01:54:07,13.1 mi,05:44:50
Brent Fujino,686,142,833,246,35-39,40,NV,USA,---,1912,00:39:23,1.2 mi,00:04:41,02:58:14,56 mi,00:03:49,01:58:48,13.1 mi,05:44:55
Chris Girard,687,151,834,867,40-44,47,GA,USA,---,1947,00:32:47,1.2 mi,00:08:11,03:01:05,56 mi,00:04:18,01:58:38,13.1 mi,05:44:59
Eric Wiser,688,143,835,503,35-39,41,OR,USA,---,1911,00:38:35,1.2 mi,00:04:39,02:55:46,56 mi,00:02:58,02:03:02,13.1 mi,05:45:00
Michael Liou,689,81,836,2461,45-49,51,CA,USA,---,1975,00:41:05,1.2 mi,00:06:26,02:59:51,56 mi,00:03:16,01:54:25,13.1 mi,05:45:03
Taro Ando,690,109,837,2618,30-34,36,CA,USA,---,1966,00:42:41,1.2 mi,00:04:52,03:01:37,56 mi,00:01:48,01:54:07,13.1 mi,05:45:05
Robert Ellis,691,152,838,825,40-44,44,UT,USA,---,1944,00:39:05,1.2 mi,00:07:09,03:00:27,56 mi,00:05:23,01:53:06,13.1 mi,05:45:10
Javier Carvallo,692,110,839,2654,30-34,38,Intl State,MEX,---,1963,00:38:00,1.2 mi,00:06:15,03:11:41,56 mi,00:01:56,01:47:22,13.1 mi,05:45:14
Jam Khan,693,144,840,309,35-39,42,CA,USA,---,1906,00:46:20,1.2 mi,00:08:33,02:55:50,56 mi,00:04:29,01:50:04,13.1 mi,05:45:16
Patrick Bliss,694,153,841,737,40-44,47,AZ,USA,---,1941,00:39:52,1.2 mi,00:06:35,03:00:51,56 mi,00:02:44,01:55:16,13.1 mi,05:45:18
Brian Troutman,695,111,842,2879,30-34,36,CA,USA,---,1962,00:43:33,1.2 mi,00:06:59,02:57:15,56 mi,00:03:45,01:53:46,13.1 mi,05:45:18
David Bales,696,49,843,1303,50-54,55,CA,USA,---,2176,00:39:48,1.2 mi,00:06:51,02:48:37,56 mi,00:03:56,02:06:08,13.1 mi,05:45:20
Ross Hillesheim,697,112,844,2736,30-34,34,CA,USA,---,1959,00:47:40,1.2 mi,00:04:12,03:02:47,56 mi,00:02:13,01:48:35,13.1 mi,05:45:27
Troy Tom,698,145,845,474,35-39,43,CA,USA,---,1902,00:38:05,1.2 mi,00:07:02,02:57:51,56 mi,00:04:38,01:57:52,13.1 mi,05:45:28
Rebecca Crudale,148,35,846,2167,30-34,37,CA,USA,---,2432,00:39:08,1.2 mi,00:04:49,03:02:13,56 mi,00:03:01,01:56:22,13.1 mi,05:45:33
Lloyd Crickenberger,699,154,847,792,40-44,44,NC,USA,---,1937,00:39:49,1.2 mi,00:05:43,03:01:06,56 mi,00:03:52,01:55:04,13.1 mi,05:45:34
Conrad Bangalan,700,146,848,148,35-39,43,CA,USA,---,1900,00:37:54,1.2 mi,00:06:24,02:48:02,56 mi,00:02:17,02:10:58,13.1 mi,05:45:35
Paul Peterson,701,50,849,1324,50-54,55,CA,USA,---,2171,00:39:25,1.2 mi,00:06:49,03:01:14,56 mi,00:05:05,01:53:04,13.1 mi,05:45:37
Craig Thorsen,702,82,850,1820,45-49,50,---,USA,---,1963,00:41:22,1.2 mi,00:05:53,02:54:57,56 mi,00:03:10,02:00:21,13.1 mi,05:45:43
Michael Mcelroy,703,147,851,359,35-39,39,CA,USA,---,1896,00:37:09,1.2 mi,00:04:51,03:04:03,56 mi,00:03:47,01:55:58,13.1 mi,05:45:48
Margaret Weniger,149,20,852,1901,25-29,31,GA,USA,---,2666,00:34:57,1.2 mi,00:04:54,03:06:56,56 mi,00:02:50,01:56:14,13.1 mi,05:45:51
Ken Royer,704,24,853,1484,55-59,61,AZ,USA,---,2605,00:43:35,1.2 mi,00:08:15,02:55:55,56 mi,00:03:01,01:55:08,13.1 mi,05:45:54
Aaron Done,705,62,854,590,25-29,30,AZ,USA,---,1960,00:44:27,1.2 mi,00:09:29,03:05:12,56 mi,00:04:29,01:42:18,13.1 mi,05:45:55
Rudolph Castellani,706,83,855,2348,45-49,52,MD,USA,---,1953,00:43:08,1.2 mi,00:05:42,03:01:20,56 mi,00:03:36,01:52:30,13.1 mi,05:46:16
Eduardo Sanchez,707,84,856,2532,45-49,---,CA,USA,---,1952,00:40:18,1.2 mi,00:05:12,02:52:39,56 mi,00:05:58,02:02:12,13.1 mi,05:46:19
Scott Belnap,708,155,857,724,40-44,46,---,USA,---,1920,00:37:17,1.2 mi,00:05:12,02:46:31,56 mi,00:03:03,02:14:25,13.1 mi,05:46:28
Randy Lugo,709,156,858,966,40-44,44,CA,USA,---,1920,00:41:19,1.2 mi,00:05:10,02:41:24,56 mi,00:06:10,02:12:26,13.1 mi,05:46:29
Warren Holmes,710,63,859,627,25-29,32,CA,USA,---,1948,00:29:29,1.2 mi,00:06:24,03:09:18,56 mi,00:04:35,01:56:50,13.1 mi,05:46:36
Shawn Connolly,711,157,860,787,40-44,48,CA,USA,---,1918,00:45:48,1.2 mi,00:07:59,03:03:25,56 mi,00:04:58,01:44:26,13.1 mi,05:46:36
Michael Greer,712,64,861,619,25-29,33,UT,USA,---,1946,00:53:35,1.2 mi,00:07:48,02:54:55,56 mi,00:04:59,01:45:26,13.1 mi,05:46:43
Kevin Kraiss,713,158,862,945,40-44,45,CA,USA,---,1914,00:41:31,1.2 mi,00:06:46,03:00:48,56 mi,00:02:55,01:54:49,13.1 mi,05:46:49
Bruce Neuschwander,714,11,863,1505,60-64,64,CA,USA,---,2872,00:42:10,1.2 mi,00:08:38,02:53:17,56 mi,00:03:48,01:59:03,13.1 mi,05:46:56
Diego Corella,715,148,864,205,35-39,42,San Pedro Garza Garcia,MEX,---,1875,00:43:55,1.2 mi,00:04:47,03:02:33,56 mi,00:02:40,01:53:05,13.1 mi,05:47:00
Jeff Petersen,716,159,865,1049,40-44,46,CA,USA,---,1910,00:49:20,1.2 mi,00:09:29,03:01:19,56 mi,00:01:40,01:45:13,13.1 mi,05:47:01
Paul French,717,65,866,611,25-29,30,CA,USA,---,1939,00:41:28,1.2 mi,00:06:16,03:04:05,56 mi,00:03:29,01:51:48,13.1 mi,05:47:06
David Gracia,718,149,867,266,35-39,39,---,MEX,---,1872,00:43:15,1.2 mi,00:08:42,03:02:56,56 mi,00:06:09,01:46:07,13.1 mi,05:47:09
John Kelly,719,85,868,2445,45-49,53,CA,USA,---,1935,00:39:03,1.2 mi,00:06:05,03:01:07,56 mi,00:04:25,01:56:36,13.1 mi,05:47:16
Andre Szucs,720,3,869,112,PC,36,CA,---,---,2812,00:34:15,1.2 mi,00:03:32,03:00:41,56 mi,00:03:02,02:05:48,13.1 mi,05:47:18
Peter Condy,721,160,870,784,40-44,73,WA,USA,---,1905,00:38:23,1.2 mi,00:06:04,02:59:08,56 mi,00:05:02,01:58:41,13.1 mi,05:47:18
Jose Montenegro,722,66,871,648,25-29,29,---,GTM,---,1934,00:44:58,1.2 mi,00:06:24,02:50:36,56 mi,00:06:27,01:58:57,13.1 mi,05:47:22
Heather Bracken-Grissom,150,36,872,2155,30-34,36,UT,USA,---,2396,00:35:36,1.2 mi,00:04:41,03:04:25,56 mi,00:02:43,02:00:07,13.1 mi,05:47:32
Justin Beard,723,113,873,2636,30-34,35,CA,USA,---,1922,00:39:44,1.2 mi,00:06:00,03:12:44,56 mi,00:03:06,01:45:58,13.1 mi,05:47:32
Matthew Walters,724,114,874,2892,30-34,38,CA,USA,---,1921,00:37:12,1.2 mi,00:03:34,02:58:30,56 mi,00:02:04,02:06:14,13.1 mi,05:47:34
Lauren Skinner,151,21,875,1890,25-29,32,CA,USA,---,2635,00:38:32,1.2 mi,00:04:43,02:56:44,56 mi,00:01:59,02:05:38,13.1 mi,05:47:36
Susan Talbot,152,12,876,1968,50-54,55,IL,USA,---,2726,00:40:36,1.2 mi,00:05:50,03:06:08,56 mi,00:03:39,01:51:24,13.1 mi,05:47:37
Raul Aldana,725,86,877,2298,45-49,50,CA,MEX,---,1929,00:48:38,1.2 mi,00:09:54,03:13:46,56 mi,00:03:37,01:31:42,13.1 mi,05:47:37
Sebastian Kesselman,726,150,878,308,35-39,43,Intl State,MEX,---,1863,00:38:44,1.2 mi,00:07:06,03:07:17,56 mi,00:02:36,01:51:56,13.1 mi,05:47:39
Greg Sewell,727,87,879,2541,45-49,50,CA,USA,---,1928,00:38:16,1.2 mi,00:04:05,02:53:05,56 mi,00:02:11,02:10:02,13.1 mi,05:47:39
Sergio Alvarez,728,161,880,703,40-44,46,CA,USA,---,1897,00:34:57,1.2 mi,00:05:12,03:08:57,56 mi,00:02:33,01:56:06,13.1 mi,05:47:45
Greg Smith,729,162,881,1103,40-44,46,CA,USA,---,1897,00:32:39,1.2 mi,00:05:25,02:57:02,56 mi,00:04:10,02:08:31,13.1 mi,05:47:47
Jeff Bryan,730,25,882,1428,55-59,60,NV,USA,---,2569,00:35:08,1.2 mi,00:04:13,02:55:58,56 mi,00:02:30,02:10:07,13.1 mi,05:47:56
Michael Stella,731,88,883,2557,45-49,51,CA,USA,---,1922,00:39:58,1.2 mi,00:07:38,03:10:13,56 mi,00:04:22,01:45:47,13.1 mi,05:47:58
Jaime Lliteras,732,115,884,2774,30-34,37,CA,USA,---,1913,00:40:47,1.2 mi,00:04:26,02:59:41,56 mi,00:02:50,02:00:15,13.1 mi,05:47:59
David Louvet,733,116,885,2776,30-34,35,CA,USA,---,1912,00:47:46,1.2 mi,00:04:49,03:07:12,56 mi,00:12:20,01:35:57,13.1 mi,05:48:04
Juan Carlos Benavides,734,151,886,161,35-39,38,NY,USA,---,1854,00:46:40,1.2 mi,00:06:23,02:52:31,56 mi,00:03:17,01:59:19,13.1 mi,05:48:10
Tamara Taggart,153,25,887,2115,35-39,43,CA,USA,---,2416,00:37:43,1.2 mi,00:04:17,03:09:08,56 mi,00:02:04,01:54:58,13.1 mi,05:48:10
Alberto Crespo,735,152,888,207,35-39,40,D.F.,MEX,---,1853,00:37:25,1.2 mi,00:06:18,03:04:17,56 mi,00:03:04,01:57:07,13.1 mi,05:48:11
Randy Schmitz,736,51,889,1355,50-54,57,CA,USA,---,2125,00:43:31,1.2 mi,00:07:20,02:55:14,56 mi,00:04:49,01:57:17,13.1 mi,05:48:11
Kevin Degough,737,26,890,1430,55-59,59,NV,USA,---,2562,00:42:43,1.2 mi,00:06:18,02:49:17,56 mi,00:04:09,02:05:51,13.1 mi,05:48:18
Jeff Pratt,738,153,891,410,35-39,39,CO,USA,---,1850,00:45:21,1.2 mi,00:10:20,02:58:46,56 mi,00:08:14,01:45:41,13.1 mi,05:48:22
Steven Gonzalez,739,67,892,618,25-29,30,CA,USA,---,1915,00:48:27,1.2 mi,00:05:16,02:53:30,56 mi,00:09:40,01:51:31,13.1 mi,05:48:24
Bastian Sopora,740,68,893,677,25-29,33,TX,USA,---,1913,00:41:28,1.2 mi,00:06:06,02:56:16,56 mi,00:03:54,02:00:47,13.1 mi,05:48:31
Fitzhugh Lee,741,163,894,955,40-44,47,CA,USA,---,1883,00:32:30,1.2 mi,00:05:24,03:03:13,56 mi,00:03:56,02:03:30,13.1 mi,05:48:33
Martin Kropat,742,164,895,947,40-44,46,CA,USA,---,1882,00:40:45,1.2 mi,00:05:02,02:54:55,56 mi,00:03:51,02:04:04,13.1 mi,05:48:37
Ron Caparaz,743,165,896,766,40-44,48,CA,USA,---,1881,00:48:28,1.2 mi,00:06:36,02:53:52,56 mi,00:03:37,01:56:07,13.1 mi,05:48:40
Jacqueline Bing,154,22,897,1838,25-29,30,CA,USA,---,2615,00:33:49,1.2 mi,00:05:43,03:13:37,56 mi,00:04:19,01:51:13,13.1 mi,05:48:41
Neil Fraser,744,166,898,850,40-44,47,CA,USA,---,1880,00:35:43,1.2 mi,00:03:57,02:52:41,56 mi,00:02:15,02:14:08,13.1 mi,05:48:44
Rachel Lyons,155,26,899,2063,35-39,42,CO,USA,---,2404,00:39:52,1.2 mi,00:06:14,03:06:49,56 mi,00:02:43,01:53:11,13.1 mi,05:48:49
Jaco Sadie,745,167,900,1082,40-44,44,CA,USA,---,1877,00:41:13,1.2 mi,00:05:39,03:00:24,56 mi,00:02:27,01:59:10,13.1 mi,05:48:53
Tina Lount-Pretre,156,17,901,1776,45-49,49,CA,USA,---,2761,00:43:11,1.2 mi,00:04:39,03:04:54,56 mi,00:02:06,01:54:04,13.1 mi,05:48:54
Brian Pitterle,746,168,902,1054,40-44,45,CA,USA,---,1876,00:37:25,1.2 mi,00:04:58,03:06:03,56 mi,00:04:45,01:55:46,13.1 mi,05:48:57
Jan Hargett,747,169,903,894,40-44,44,CA,USA,---,1875,00:34:47,1.2 mi,00:05:06,03:01:27,56 mi,00:04:40,02:02:58,13.1 mi,05:48:58
Lauren Baxter,157,23,904,1837,25-29,32,NY,USA,---,2610,00:37:55,1.2 mi,00:04:54,03:03:53,56 mi,00:04:16,01:58:01,13.1 mi,05:48:59
Christine Matteo,158,18,905,1781,45-49,49,CA,USA,---,2759,00:38:26,1.2 mi,00:05:11,03:02:23,56 mi,00:04:07,01:58:56,13.1 mi,05:49:03
Greg Arnett,748,170,906,707,40-44,48,AZ,USA,---,1873,00:33:15,1.2 mi,00:05:37,02:58:42,56 mi,00:03:22,02:08:10,13.1 mi,05:49:06
Winston Christie-Blick,749,69,907,579,25-29,29,AZ,USA,---,1902,00:51:41,1.2 mi,00:09:20,03:05:36,56 mi,00:05:16,01:37:14,13.1 mi,05:49:07
Dan Alan Thomas,750,52,908,1230,50-54,54,CA,USA,---,2105,00:36:35,1.2 mi,00:05:55,03:02:54,56 mi,00:04:02,01:59:49,13.1 mi,05:49:15
Dennis Caco,751,154,909,2922,35-39,40,CA,USA,---,1833,00:49:59,1.2 mi,00:07:18,02:59:26,56 mi,00:06:34,01:46:01,13.1 mi,05:49:18
Carlos Gonzalez,752,155,910,265,35-39,41,---,MEX,---,1832,00:36:38,1.2 mi,00:07:33,02:59:01,56 mi,00:04:10,02:02:00,13.1 mi,05:49:22
Ryan Besinque,753,70,911,566,25-29,32,CA,USA,---,1898,00:36:50,1.2 mi,00:07:56,02:55:42,56 mi,00:07:55,02:00:59,13.1 mi,05:49:22
Pj Gallagher,754,171,912,855,40-44,45,CA,USA,---,1867,00:35:40,1.2 mi,00:05:59,02:52:39,56 mi,00:05:24,02:09:44,13.1 mi,05:49:26
Justin Brooks,755,156,913,180,35-39,38,CA,USA,---,1831,00:35:49,1.2 mi,00:04:55,02:58:36,56 mi,00:03:03,02:07:04,13.1 mi,05:49:27
Diane Camet,159,20,914,1586,40-44,46,CA,USA,---,2669,00:35:16,1.2 mi,00:03:51,02:54:56,56 mi,00:02:02,02:13:25,13.1 mi,05:49:30
Kathryn Klepinger,160,13,915,1932,50-54,56,WA,USA,---,2691,00:42:49,1.2 mi,00:04:56,03:05:26,56 mi,00:02:20,01:54:02,13.1 mi,05:49:33
Craig Pulido,756,53,916,1282,50-54,55,CA,USA,---,2100,00:44:12,1.2 mi,00:06:24,02:49:42,56 mi,00:04:36,02:04:40,13.1 mi,05:49:34
Austin Mcloughlin,757,157,917,360,35-39,43,---,GBR,---,1828,00:47:12,1.2 mi,00:08:28,02:46:15,56 mi,00:04:26,02:03:15,13.1 mi,05:49:36
Frank Löffler,758,172,918,962,40-44,46,---,DEU,---,1862,00:46:05,1.2 mi,00:05:18,02:36:11,56 mi,00:04:11,02:17:57,13.1 mi,05:49:42
Kevin Valles,759,54,919,1383,50-54,58,CA,USA,---,2097,00:42:34,1.2 mi,00:06:42,02:58:48,56 mi,00:05:31,01:56:07,13.1 mi,05:49:42
Gerry Deocampo,760,89,920,2371,45-49,50,CA,USA,---,1891,00:44:59,1.2 mi,00:06:24,02:45:48,56 mi,00:02:07,02:10:25,13.1 mi,05:49:43
Mitch Williams,761,173,921,1167,40-44,46,CA,USA,---,1858,00:35:22,1.2 mi,00:07:00,02:52:34,56 mi,00:05:49,02:09:12,13.1 mi,05:49:57
Scott Nusbaum,762,117,922,2810,30-34,37,OH,USA,---,1877,00:44:47,1.2 mi,00:06:06,02:59:46,56 mi,00:03:05,01:56:16,13.1 mi,05:50:00
Sungjun Kim,763,158,923,312,35-39,39,CA,USA,---,1820,00:45:28,1.2 mi,00:09:26,02:52:01,56 mi,00:07:07,01:55:59,13.1 mi,05:50:01
Michael Mitchell,764,55,924,1371,50-54,58,CA,USA,---,2092,00:47:54,1.2 mi,00:08:05,02:55:18,56 mi,00:03:19,01:55:25,13.1 mi,05:50:01
Jane Pilger,161,27,925,2088,35-39,40,NM,USA,---,2382,00:34:18,1.2 mi,00:05:26,03:18:09,56 mi,00:02:47,01:49:22,13.1 mi,05:50:02
Sebastian Kouladjian,765,118,926,2758,30-34,34,CA,USA,---,1875,00:42:47,1.2 mi,00:05:29,02:54:21,56 mi,00:02:44,02:04:47,13.1 mi,05:50:08
Bruce Paddy,766,56,927,1374,50-54,58,CA,USA,---,2088,00:40:03,1.2 mi,00:09:24,02:57:01,56 mi,00:05:01,01:58:45,13.1 mi,05:50:14
James Cabaniss,767,159,928,184,35-39,39,CA,USA,---,1816,00:34:59,1.2 mi,00:06:00,03:03:33,56 mi,00:04:44,02:00:59,13.1 mi,05:50:15
Annie Stokes,162,21,929,1681,40-44,47,---,USA,---,2652,00:45:35,1.2 mi,00:07:09,03:10:46,56 mi,00:04:34,01:42:24,13.1 mi,05:50:28
Jeff Johnson,768,90,930,2439,45-49,---,CA,USA,---,1877,00:41:00,1.2 mi,00:05:10,02:59:59,56 mi,00:03:53,02:00:27,13.1 mi,05:50:29
Sumer Jackson,163,37,931,2201,30-34,37,CA,USA,---,2343,00:41:43,1.2 mi,00:04:33,03:01:51,56 mi,00:02:13,02:00:10,13.1 mi,05:50:30
Al Aguado,769,57,932,1179,50-54,58,---,USA,---,2082,00:42:30,1.2 mi,00:04:44,02:59:12,56 mi,00:05:40,01:58:26,13.1 mi,05:50:32
Danielle Becks,164,38,933,2148,30-34,34,CA,USA,---,2341,00:26:05,1.2 mi,00:06:57,03:24:57,56 mi,00:04:16,01:48:21,13.1 mi,05:50:36
Janeen Wright,165,22,934,1705,40-44,48,AZ,USA,---,2649,00:42:21,1.2 mi,00:08:15,03:02:14,56 mi,00:04:32,01:53:15,13.1 mi,05:50:37
Ian Ellis,770,12,935,1502,60-64,64,CA,USA,---,2805,00:38:05,1.2 mi,00:08:15,03:05:17,56 mi,00:03:47,01:55:14,13.1 mi,05:50:38
Tim Davis,771,160,936,213,35-39,42,CA,USA,---,1808,00:37:46,1.2 mi,00:04:58,03:17:55,56 mi,00:03:47,01:46:15,13.1 mi,05:50:41
Kyle Dees,166,4,937,2273,55-59,61,CA,USA,---,3112,00:36:19,1.2 mi,00:03:55,03:07:18,56 mi,00:02:14,02:01:01,13.1 mi,05:50:47
Jillian Chaney,167,39,938,2163,30-34,37,CA,USA,---,2333,00:43:19,1.2 mi,00:04:38,03:09:44,56 mi,00:02:06,01:51:15,13.1 mi,05:51:02
Carlos Arreola,772,161,939,140,35-39,41,CA,USA,---,1801,00:40:33,1.2 mi,00:06:14,03:12:20,56 mi,00:02:02,01:49:58,13.1 mi,05:51:07
Eric Heiser,773,162,940,283,35-39,43,CA,USA,---,1800,00:38:01,1.2 mi,00:05:47,03:16:08,56 mi,00:03:18,01:47:55,13.1 mi,05:51:09
Denis Honeychurch,774,3,941,1554,65-69,70,CA,USA,---,2985,00:43:15,1.2 mi,00:04:58,02:53:58,56 mi,00:04:33,02:04:29,13.1 mi,05:51:13
Stephene Gaitan,168,24,942,1857,25-29,30,UT,USA,---,2569,00:40:51,1.2 mi,00:05:14,03:08:37,56 mi,00:04:55,01:51:37,13.1 mi,05:51:14
Devin Smiley,775,163,943,457,35-39,41,CA,USA,---,1798,00:48:17,1.2 mi,00:05:48,02:57:30,56 mi,00:03:11,01:56:30,13.1 mi,05:51:16
Wesley Goddard,776,164,944,263,35-39,42,CA,USA,---,1797,00:37:57,1.2 mi,00:07:17,02:58:48,56 mi,00:02:46,02:04:31,13.1 mi,05:51:19
John Webster,777,174,945,1160,40-44,44,CA,USA,---,1833,00:43:04,1.2 mi,00:05:21,03:00:20,56 mi,00:03:33,01:59:02,13.1 mi,05:51:20
Christiane Honisch,169,23,946,1618,40-44,48,CA,USA,---,2636,00:40:38,1.2 mi,00:05:37,02:57:15,56 mi,00:03:12,02:04:39,13.1 mi,05:51:21
Casey Casburn,778,165,947,188,35-39,41,CA,USA,---,1795,00:40:13,1.2 mi,00:05:26,03:10:27,56 mi,00:03:14,01:52:07,13.1 mi,05:51:27
Jason Hallquist,779,175,948,886,40-44,46,CA,USA,---,1831,00:50:05,1.2 mi,00:05:06,02:50:11,56 mi,00:03:13,02:02:52,13.1 mi,05:51:27
Marcelo Vervloet,780,176,949,1142,40-44,45,Intl State,BRA,---,1830,00:43:28,1.2 mi,00:08:11,02:58:54,56 mi,00:03:09,01:57:47,13.1 mi,05:51:29
Sara Krajnik,170,40,950,2212,30-34,37,IL,USA,---,2325,00:35:42,1.2 mi,00:04:13,03:04:50,56 mi,00:02:52,02:03:53,13.1 mi,05:51:30
Christina Deronde,171,19,951,1738,45-49,48,CA,USA,---,2711,00:40:52,1.2 mi,00:05:28,03:03:25,56 mi,00:03:41,01:58:14,13.1 mi,05:51:40
Jeff Hagstrom,781,166,952,277,35-39,39,CA,USA,---,1790,00:46:49,1.2 mi,00:04:51,02:49:53,56 mi,00:03:59,02:06:09,13.1 mi,05:51:41
Blake Smith,782,177,953,1104,40-44,46,CA,USA,---,1826,00:42:42,1.2 mi,00:05:08,02:59:24,56 mi,00:03:09,02:01:19,13.1 mi,05:51:42
Juan Madrazo,783,119,954,2779,30-34,37,Queretaro,MEX,---,1846,00:42:42,1.2 mi,00:04:57,03:05:42,56 mi,00:02:04,01:56:18,13.1 mi,05:51:43
Thomas Daynes,784,167,955,214,35-39,40,UT,USA,---,1789,00:37:41,1.2 mi,00:05:51,03:02:57,56 mi,00:04:10,02:01:06,13.1 mi,05:51:45
Elizabeth Sugarman,172,24,956,1682,40-44,44,CA,USA,---,2628,00:51:40,1.2 mi,00:04:31,02:49:22,56 mi,00:02:55,02:03:19,13.1 mi,05:51:47
Andre Massignani,785,178,957,980,40-44,45,CA,USA,---,1824,00:55:37,1.2 mi,00:09:14,02:47:41,56 mi,00:06:21,01:52:56,13.1 mi,05:51:49
Robert Mercier,786,58,958,1204,50-54,54,CA,USA,---,2059,00:41:06,1.2 mi,00:09:10,03:12:31,56 mi,00:05:57,01:43:05,13.1 mi,05:51:49
Bill Braun,787,13,959,1542,60-64,68,CA,USA,---,2781,00:41:58,1.2 mi,00:05:13,03:01:24,56 mi,00:03:30,01:59:52,13.1 mi,05:51:57
Javier Garcia Castillo,788,179,960,857,40-44,47,---,MEX,---,1821,00:49:12,1.2 mi,00:08:16,03:03:23,56 mi,00:08:37,01:42:30,13.1 mi,05:51:58
Breven Parsons,789,180,961,1039,40-44,46,CA,USA,---,1821,00:40:32,1.2 mi,00:04:34,02:58:25,56 mi,00:03:02,02:05:26,13.1 mi,05:51:59
Andrew Nebbs,790,91,962,2490,45-49,51,CA,USA,---,1850,00:33:43,1.2 mi,00:04:35,03:02:16,56 mi,00:01:51,02:09:35,13.1 mi,05:52:00
Robert Heineman,791,14,963,1516,60-64,65,CA,USA,---,2780,00:35:04,1.2 mi,00:03:32,02:52:59,56 mi,00:02:13,02:18:13,13.1 mi,05:52:01
Jason Smith,792,71,964,674,25-29,32,CA,USA,---,1849,00:53:24,1.2 mi,00:08:09,03:10:41,56 mi,00:04:17,01:35:33,13.1 mi,05:52:04
Gregory Hoole,793,181,965,901,40-44,46,UT,USA,---,1819,00:38:51,1.2 mi,00:10:09,02:59:51,56 mi,00:08:26,01:54:48,13.1 mi,05:52:05
Julie Glance,173,25,966,1610,40-44,48,CA,USA,---,2621,00:39:26,1.2 mi,00:06:20,03:17:14,56 mi,00:02:22,01:46:47,13.1 mi,05:52:09
Stephen Essig,794,15,967,1532,60-64,67,IL,USA,---,2777,00:42:25,1.2 mi,00:10:12,03:16:50,56 mi,00:03:39,01:39:04,13.1 mi,05:52:10
Tim Hampshire,795,92,968,2419,45-49,53,CA,USA,---,1846,00:40:49,1.2 mi,00:07:53,03:06:33,56 mi,00:03:01,01:53:56,13.1 mi,05:52:12
Joshua Rutherford,796,168,969,437,35-39,38,CA,USA,---,1779,00:33:48,1.2 mi,00:05:15,03:00:29,56 mi,00:02:28,02:10:20,13.1 mi,05:52:20
Chris Wright,797,120,970,2909,30-34,37,UT,USA,---,1833,00:42:23,1.2 mi,00:06:54,02:52:36,56 mi,00:05:36,02:04:59,13.1 mi,05:52:28
Philip Halbert,798,121,971,2725,30-34,33,CA,USA,---,1832,00:41:46,1.2 mi,00:04:54,02:59:24,56 mi,00:03:40,02:02:45,13.1 mi,05:52:29
Matthew Baker,799,169,972,145,35-39,40,IL,USA,---,1775,00:40:21,1.2 mi,00:06:50,02:59:07,56 mi,00:04:36,02:01:37,13.1 mi,05:52:31
Carlos Prada,800,27,973,1415,55-59,59,Intl State,CHL,---,2486,00:36:35,1.2 mi,00:07:52,02:59:58,56 mi,00:04:33,02:03:35,13.1 mi,05:52:33
Brian Kelley,801,122,974,2751,30-34,35,CA,USA,---,1831,00:33:45,1.2 mi,00:05:34,03:04:28,56 mi,00:02:35,02:06:11,13.1 mi,05:52:33
Bonifacio Gulla,802,28,975,2928,55-59,62,CA,USA,---,2486,00:48:11,1.2 mi,00:07:49,02:54:08,56 mi,00:03:04,01:59:21,13.1 mi,05:52:33
Brian Wolfe,803,123,976,2904,30-34,35,---,USA,---,1830,00:36:19,1.2 mi,00:05:37,03:08:09,56 mi,00:04:06,01:58:26,13.1 mi,05:52:37
Andy Larson,804,93,977,2450,45-49,51,CA,USA,---,1838,00:44:21,1.2 mi,00:06:40,02:55:09,56 mi,00:04:11,02:02:17,13.1 mi,05:52:38
Karl Fischer,805,17,978,523,18-24,23,CA,USA,---,2167,00:27:31,1.2 mi,00:05:14,03:17:58,56 mi,00:02:49,01:59:09,13.1 mi,05:52:41
Mark Lehberg,806,59,979,1317,50-54,56,CA,USA,---,2040,00:37:01,1.2 mi,00:05:18,03:00:18,56 mi,00:03:52,02:06:23,13.1 mi,05:52:52
Stella Rosefield,174,14,980,1956,50-54,54,CA,USA,---,2631,00:45:32,1.2 mi,00:05:50,02:52:58,56 mi,00:02:46,02:05:47,13.1 mi,05:52:53
Cheng-Wei Chen,807,170,981,191,35-39,38,CA,USA,---,1768,00:42:06,1.2 mi,00:04:47,03:04:02,56 mi,00:02:05,01:59:57,13.1 mi,05:52:57
David Doski,808,60,982,1338,50-54,56,CA,USA,---,2038,00:38:48,1.2 mi,00:07:33,03:07:49,56 mi,00:04:23,01:54:26,13.1 mi,05:52:59
Brent Dyrness,809,94,983,2384,45-49,51,CA,USA,---,1831,00:46:31,1.2 mi,00:08:27,02:58:26,56 mi,00:03:19,01:56:20,13.1 mi,05:53:03
Joseph Leilich,810,171,984,333,35-39,40,MD,USA,---,1764,00:44:04,1.2 mi,00:09:07,03:06:50,56 mi,00:02:47,01:50:21,13.1 mi,05:53:09
Jennifer Young,175,41,985,2266,30-34,35,CA,USA,---,2294,00:45:28,1.2 mi,00:07:03,03:10:39,56 mi,00:04:15,01:45:47,13.1 mi,05:53:12
Polly Harris,176,20,986,1752,45-49,50,UT,USA,---,2682,00:41:42,1.2 mi,00:06:57,03:03:15,56 mi,00:03:12,01:58:13,13.1 mi,05:53:19
Aaron Gabriel,811,95,987,2402,45-49,51,CA,USA,---,1826,00:49:49,1.2 mi,00:06:32,02:58:44,56 mi,00:04:02,01:54:12,13.1 mi,05:53:19
Jeffrey Thompson,812,96,988,2573,45-49,51,CA,USA,---,1826,00:41:31,1.2 mi,00:04:44,02:45:15,56 mi,00:02:48,02:19:01,13.1 mi,05:53:19
Bryan Comstock,813,29,989,1429,55-59,60,CA,USA,---,2471,00:39:05,1.2 mi,00:07:23,03:07:37,56 mi,00:02:49,01:56:27,13.1 mi,05:53:21
Mike Stahala,814,124,990,2871,30-34,35,CA,USA,---,1817,00:34:48,1.2 mi,00:06:31,03:08:40,56 mi,00:04:12,01:59:10,13.1 mi,05:53:21
Charles Kulp,815,72,991,637,25-29,29,NJ,USA,---,1826,00:33:55,1.2 mi,00:05:34,03:04:39,56 mi,00:03:38,02:05:37,13.1 mi,05:53:23
David Hynan,816,182,992,912,40-44,47,CA,USA,---,1795,00:38:32,1.2 mi,00:03:54,02:51:48,56 mi,00:04:44,02:14:27,13.1 mi,05:53:25
Tami Threet,177,26,993,1689,40-44,46,CA,USA,---,2598,00:44:09,1.2 mi,00:06:25,03:02:08,56 mi,00:04:34,01:56:10,13.1 mi,05:53:26
Chuck Gorski,817,183,994,875,40-44,47,CA,USA,---,1795,00:42:57,1.2 mi,00:06:34,03:05:03,56 mi,00:04:36,01:54:17,13.1 mi,05:53:27
Charles Nelson,818,61,995,1277,50-54,54,CA,USA,---,2027,00:44:28,1.2 mi,00:08:13,02:53:21,56 mi,00:14:18,01:53:18,13.1 mi,05:53:38
Noriel Simsuangco,819,125,996,2864,30-34,38,CA,USA,---,1810,00:46:42,1.2 mi,00:08:23,03:03:36,56 mi,00:03:05,01:51:57,13.1 mi,05:53:43
Eduardo Villarreal,820,18,997,549,18-24,28,sinaloa,USA,---,2142,00:31:46,1.2 mi,00:04:21,03:12:15,56 mi,00:04:13,02:01:28,13.1 mi,05:54:03
Scott Bialkowski,821,172,998,167,35-39,41,CA,USA,---,1747,00:42:41,1.2 mi,00:05:16,02:57:43,56 mi,00:03:17,02:05:10,13.1 mi,05:54:07
Elizabeth Larson,178,42,999,2215,30-34,38,CA,USA,---,2278,00:45:38,1.2 mi,00:05:59,03:10:35,56 mi,00:02:33,01:49:22,13.1 mi,05:54:07
William Lewis,822,62,1000,1318,50-54,55,CA,USA,---,2017,00:39:53,1.2 mi,00:06:34,02:59:58,56 mi,00:04:09,02:03:37,13.1 mi,05:54:11
Sean Wesenberg,823,184,1001,1162,40-44,45,BC,CAN,---,1781,00:35:42,1.2 mi,00:06:42,03:07:57,56 mi,00:05:55,01:57:57,13.1 mi,05:54:13
Jonathan Abellar,824,173,1002,127,35-39,39,CA,USA,---,1744,00:48:04,1.2 mi,00:05:20,02:51:18,56 mi,00:03:37,02:05:57,13.1 mi,05:54:16
Jay Reale,825,97,1003,2514,45-49,52,---,USA,---,1809,00:33:06,1.2 mi,00:05:48,03:21:58,56 mi,00:02:53,01:50:31,13.1 mi,05:54:16
Jose Ornelas Infante,826,98,1004,2496,45-49,51,Intl State,MEX,---,1809,00:46:36,1.2 mi,00:08:01,03:04:30,56 mi,00:04:25,01:50:45,13.1 mi,05:54:17
Christopher Schauble,827,185,1005,1089,40-44,46,CA,USA,---,1778,00:39:57,1.2 mi,00:04:52,02:58:48,56 mi,00:02:50,02:07:55,13.1 mi,05:54:22
Sandra Griffith,179,43,1006,2220,30-34,36,CO,USA,---,2272,00:30:05,1.2 mi,00:05:48,03:20:36,56 mi,00:03:46,01:54:11,13.1 mi,05:54:26
Andrew Cornell,828,126,1007,2669,30-34,35,CA,USA,---,1796,00:47:56,1.2 mi,00:08:40,02:46:06,56 mi,00:03:58,02:07:51,13.1 mi,05:54:31
Michal Pasula,829,174,1008,393,35-39,40,---,USA,---,1739,00:41:53,1.2 mi,00:05:48,03:05:09,56 mi,00:02:48,01:58:56,13.1 mi,05:54:34
Mark Phair,830,63,1009,1350,50-54,56,CA,USA,---,2006,00:41:07,1.2 mi,00:11:10,03:09:41,56 mi,00:03:43,01:49:07,13.1 mi,05:54:48
Jake Wright,831,73,1010,694,25-29,33,CA,USA,---,1799,00:32:48,1.2 mi,00:05:37,03:01:44,56 mi,00:04:34,02:10:07,13.1 mi,05:54:50
Stu Clott,832,74,1011,583,25-29,33,CA,USA,---,1799,00:45:03,1.2 mi,00:07:51,02:49:12,56 mi,00:04:19,02:08:27,13.1 mi,05:54:52
Cindy Blair,180,27,1012,1583,40-44,48,AZ,USA,---,2572,00:49:00,1.2 mi,00:06:48,03:02:02,56 mi,00:02:31,01:54:34,13.1 mi,05:54:55
Jessica Grady,181,28,1013,2021,35-39,43,AZ,USA,---,2294,00:38:07,1.2 mi,00:05:46,03:09:26,56 mi,00:02:55,01:58:41,13.1 mi,05:54:55
Jason Howell,833,175,1014,294,35-39,42,ID,USA,---,1731,00:40:42,1.2 mi,00:07:40,03:00:47,56 mi,00:03:49,02:02:01,13.1 mi,05:54:59
Mary Patock,182,21,1015,1796,45-49,49,CA,USA,---,2651,00:41:49,1.2 mi,00:07:08,03:02:27,56 mi,00:06:22,01:57:15,13.1 mi,05:55:01
Dominic Shiosaki,834,75,1016,673,25-29,30,AL,USA,---,1796,00:30:33,1.2 mi,00:04:51,03:01:23,56 mi,00:01:55,02:16:21,13.1 mi,05:55:03
Troy Dueker,835,99,1017,2381,45-49,50,CA,USA,---,1794,00:39:53,1.2 mi,00:05:26,03:07:58,56 mi,00:02:28,01:59:22,13.1 mi,05:55:07
Iain Edmonds,836,186,1018,822,40-44,45,BC,CAN,---,1764,00:52:09,1.2 mi,00:04:19,02:55:12,56 mi,00:04:53,01:58:35,13.1 mi,05:55:08
Nick Trautman,837,127,1019,2878,30-34,38,CA,USA,---,1783,00:39:24,1.2 mi,00:05:19,03:18:10,56 mi,00:03:41,01:48:40,13.1 mi,05:55:14
Joseph Rummel,838,128,1020,2847,30-34,37,CA,USA,---,1782,00:38:00,1.2 mi,00:08:42,03:15:47,56 mi,00:05:29,01:47:18,13.1 mi,05:55:16
Melik Hernandez,839,187,1021,898,40-44,44,CA,USA,---,1762,00:42:03,1.2 mi,00:03:28,03:00:38,56 mi,00:02:11,02:06:57,13.1 mi,05:55:17
Char Latham,183,28,1022,1631,40-44,48,AZ,USA,---,2563,00:44:22,1.2 mi,00:05:33,02:56:59,56 mi,00:04:38,02:03:51,13.1 mi,05:55:23
Steve Payton,840,129,1023,2817,30-34,35,CA,USA,---,1779,00:43:03,1.2 mi,00:04:18,02:56:58,56 mi,00:02:19,02:08:48,13.1 mi,05:55:26
Michael Caruso,841,188,1024,770,40-44,46,CA,USA,---,1759,00:35:35,1.2 mi,00:06:09,02:59:36,56 mi,00:03:28,02:10:39,13.1 mi,05:55:27
Michael Simpson,842,64,1025,1288,50-54,55,CA,USA,---,1992,00:46:57,1.2 mi,00:06:15,02:50:54,56 mi,00:05:55,02:05:32,13.1 mi,05:55:33
Rob Watson,843,16,1026,1538,60-64,67,CA,USA,---,2715,00:30:55,1.2 mi,00:07:42,02:55:20,56 mi,00:04:33,02:17:08,13.1 mi,05:55:38
Mariann Thomas,184,22,1027,1819,45-49,53,CA,USA,---,2640,00:47:58,1.2 mi,00:08:14,02:55:15,56 mi,00:03:06,02:01:05,13.1 mi,05:55:38
Jenny Gores,185,25,1028,1860,25-29,33,MO,USA,---,2489,00:36:31,1.2 mi,00:04:39,03:07:15,56 mi,00:02:52,02:04:23,13.1 mi,05:55:40
Patrick Schickler,844,100,1029,2534,45-49,52,NV,USA,---,1784,00:43:59,1.2 mi,00:06:18,02:46:54,56 mi,00:03:21,02:15:08,13.1 mi,05:55:40
Patrick Nelissen,845,101,1030,2491,45-49,49,CA,USA,---,1781,00:44:02,1.2 mi,00:07:56,02:55:07,56 mi,00:06:21,02:02:22,13.1 mi,05:55:48
Tracy Cohen-Peranteau,186,23,1031,1733,45-49,52,CA,USA,---,2635,00:45:49,1.2 mi,00:06:16,03:05:31,56 mi,00:03:25,01:54:53,13.1 mi,05:55:54
Tony Souza,846,102,1032,2555,45-49,50,CA,USA,---,1778,00:41:31,1.2 mi,00:06:22,03:02:35,56 mi,00:03:05,02:02:25,13.1 mi,05:55:58
Susan Krizek,187,24,1033,1768,45-49,48,NC,USA,---,2634,00:47:57,1.2 mi,00:05:22,03:08:22,56 mi,00:02:03,01:52:15,13.1 mi,05:55:59
Komut Maneechai,847,189,1034,972,40-44,45,TX,USA,---,1748,00:47:56,1.2 mi,00:04:16,03:00:17,56 mi,00:04:52,01:58:40,13.1 mi,05:56:01
John Mackay,848,65,1035,1274,50-54,54,WA,USA,---,1983,00:38:24,1.2 mi,00:08:27,02:54:26,56 mi,00:06:33,02:08:12,13.1 mi,05:56:02
Bradley Erickson,849,130,1036,2694,30-34,36,CA,USA,---,1768,00:34:52,1.2 mi,00:07:09,03:00:44,56 mi,00:03:39,02:09:39,13.1 mi,05:56:03
Royal Erickson,850,190,1037,832,40-44,44,AZ,USA,---,1746,00:42:58,1.2 mi,00:05:23,02:55:08,56 mi,00:02:32,02:10:08,13.1 mi,05:56:09
Robert Coyle,851,30,1038,1452,55-59,61,CA,USA,---,2420,00:50:53,1.2 mi,00:10:07,03:05:06,56 mi,00:05:37,01:44:29,13.1 mi,05:56:12
Dana Rucker,852,191,1039,1079,40-44,45,CA,USA,---,1743,00:39:54,1.2 mi,00:05:26,03:07:29,56 mi,00:03:37,01:59:53,13.1 mi,05:56:19
Shane Ressie,853,176,1040,425,35-39,40,CA,USA,---,1707,00:41:44,1.2 mi,00:05:53,03:03:03,56 mi,00:03:25,02:02:15,13.1 mi,05:56:20
James Beck,854,103,1041,2314,45-49,50,ID,USA,---,1769,00:36:05,1.2 mi,00:06:05,02:59:46,56 mi,00:04:11,02:10:22,13.1 mi,05:56:29
Adrienne Miller,188,29,1042,2071,35-39,40,FL,USA,---,2265,00:43:08,1.2 mi,00:04:27,02:56:52,56 mi,00:02:49,02:09:16,13.1 mi,05:56:32
Chuck Mcarthur,855,104,1043,2474,45-49,50,CA,USA,---,1766,00:35:06,1.2 mi,00:05:49,03:05:06,56 mi,00:05:08,02:05:31,13.1 mi,05:56:40
John Bateman,856,105,1044,2312,45-49,49,CA,USA,---,1765,00:32:15,1.2 mi,00:11:17,03:21:14,56 mi,00:06:55,01:45:03,13.1 mi,05:56:44
Don Lopez,857,192,1045,965,40-44,46,CA,USA,---,1735,00:45:37,1.2 mi,00:05:50,02:58:31,56 mi,00:04:16,02:02:31,13.1 mi,05:56:45
Amanda Newsome,189,29,1046,1649,40-44,43,CA,USA,---,2539,00:41:27,1.2 mi,00:09:44,02:59:40,56 mi,00:03:37,02:02:17,13.1 mi,05:56:45
Brent Howell,858,193,1047,904,40-44,46,CA,USA,---,1735,00:37:39,1.2 mi,00:04:10,02:52:35,56 mi,00:02:25,02:19:57,13.1 mi,05:56:46
Kenneth Neal,859,194,1048,1011,40-44,46,CA,USA,---,1735,00:37:54,1.2 mi,00:11:01,02:58:39,56 mi,00:09:44,01:59:29,13.1 mi,05:56:47
Roehl Rosales,860,195,1049,1076,40-44,45,CA,USA,---,1735,00:45:12,1.2 mi,00:08:30,02:49:00,56 mi,00:02:48,02:11:17,13.1 mi,05:56:47
Justin Matsuno,861,131,1050,2785,30-34,37,CA,USA,---,1753,00:34:07,1.2 mi,00:09:41,02:56:10,56 mi,00:06:27,02:10:30,13.1 mi,05:56:55
Mauricio Espinosa,862,76,1051,600,25-29,31,Intl State,MEX,---,1761,00:33:53,1.2 mi,00:05:32,03:02:25,56 mi,00:03:48,02:11:21,13.1 mi,05:56:59
Alex Arrow,863,196,1052,708,40-44,45,CA,USA,---,1730,00:45:03,1.2 mi,00:06:08,03:12:25,56 mi,00:03:42,01:49:45,13.1 mi,05:57:03
Brian Hoyt,864,177,1053,295,35-39,40,CA,USA,---,1693,00:37:07,1.2 mi,00:10:33,03:05:17,56 mi,00:08:27,01:55:42,13.1 mi,05:57:06
Chris Grout,865,178,1054,271,35-39,41,CA,USA,---,1693,00:40:58,1.2 mi,00:04:07,02:57:36,56 mi,00:04:01,02:10:25,13.1 mi,05:57:07
Ben Hunkins,866,132,1055,2742,30-34,37,CA,USA,---,1749,00:41:09,1.2 mi,00:04:21,02:52:21,56 mi,00:02:08,02:17:09,13.1 mi,05:57:08
Stuart Smith,867,133,1056,2868,30-34,37,CA,USA,---,1748,00:35:51,1.2 mi,00:04:34,03:15:19,56 mi,00:02:21,01:59:06,13.1 mi,05:57:11
Michael Stevens,868,106,1057,2558,45-49,49,CA,USA,---,1756,00:34:43,1.2 mi,00:09:54,02:56:03,56 mi,00:04:42,02:11:50,13.1 mi,05:57:12
Craig Wolchover,869,31,1058,1424,55-59,59,CA,USA,---,2399,00:40:06,1.2 mi,00:07:11,03:13:16,56 mi,00:02:58,01:53:49,13.1 mi,05:57:20
Audra Mallow,190,25,1059,1769,45-49,48,CA,USA,---,2609,00:47:12,1.2 mi,00:05:14,03:12:26,56 mi,00:02:36,01:49:54,13.1 mi,05:57:22
Joe Devorick,870,66,1060,1254,50-54,55,CA,USA,---,1958,00:40:13,1.2 mi,00:05:17,03:08:52,56 mi,00:02:22,02:00:43,13.1 mi,05:57:27
Judy Stowers,191,30,1061,2110,35-39,39,AZ,USA,---,2248,00:45:06,1.2 mi,00:04:40,03:02:32,56 mi,00:02:05,02:03:07,13.1 mi,05:57:30
Evan Lang,871,179,1062,326,35-39,42,CA,USA,---,1685,00:35:26,1.2 mi,00:05:09,03:06:08,56 mi,00:03:17,02:07:31,13.1 mi,05:57:31
Thomas Clark,872,197,1063,779,40-44,47,AZ,USA,---,1721,00:38:49,1.2 mi,00:06:54,02:59:09,56 mi,00:04:49,02:07:50,13.1 mi,05:57:31
Kevin Marvier,873,134,1064,2783,30-34,36,CA,USA,---,1741,00:43:49,1.2 mi,00:04:14,03:06:27,56 mi,00:03:01,02:00:02,13.1 mi,05:57:33
Tyler Wallis,874,198,1065,1152,40-44,48,CO,USA,---,1719,00:39:58,1.2 mi,00:08:38,02:59:23,56 mi,00:05:09,02:04:31,13.1 mi,05:57:39
Peter Rennard,875,32,1066,1482,55-59,62,CA,USA,---,2393,00:38:14,1.2 mi,00:03:52,03:12:27,56 mi,00:02:06,02:01:02,13.1 mi,05:57:41
Alfonso Orozco Waters,876,199,1067,1025,40-44,47,Mexico City,MEX,---,1718,00:46:48,1.2 mi,00:08:29,02:58:17,56 mi,00:05:35,01:58:34,13.1 mi,05:57:43
Patti Stockalper,192,15,1068,1965,50-54,57,CA,USA,---,2543,00:44:03,1.2 mi,00:04:15,03:04:17,56 mi,00:02:37,02:02:35,13.1 mi,05:57:47
Brian Allendorf,877,180,1069,132,35-39,39,CA,USA,---,1680,00:38:08,1.2 mi,00:04:45,02:53:11,56 mi,00:03:18,02:18:26,13.1 mi,05:57:48
Jake Walsh,878,135,1070,2890,30-34,37,CA,USA,---,1737,00:37:14,1.2 mi,00:04:29,03:12:45,56 mi,00:05:28,01:57:52,13.1 mi,05:57:48
Chris Murray,879,181,1071,372,35-39,38,CA,USA,---,1679,00:34:43,1.2 mi,00:03:41,03:07:57,56 mi,00:03:13,02:08:18,13.1 mi,05:57:52
Nicole Woyski,193,26,1072,1903,25-29,32,CA,USA,---,2449,00:39:09,1.2 mi,00:06:05,03:13:55,56 mi,00:04:31,01:54:16,13.1 mi,05:57:56
Selina Nordberg,194,30,1073,1650,40-44,48,CA,USA,---,2517,00:46:44,1.2 mi,00:09:33,03:05:46,56 mi,00:03:39,01:52:16,13.1 mi,05:57:58
Neal Bartek,880,182,1074,151,35-39,41,CA,USA,---,1676,00:39:51,1.2 mi,00:04:20,02:54:01,56 mi,00:04:02,02:15:47,13.1 mi,05:58:01
James Jones,881,33,1075,1490,55-59,63,AZ,USA,---,2387,00:38:34,1.2 mi,00:05:23,03:02:33,56 mi,00:03:19,02:08:13,13.1 mi,05:58:02
Markus Navikenas,882,200,1076,1010,40-44,44,AB,CAN,---,1711,00:40:09,1.2 mi,00:06:15,03:03:31,56 mi,00:05:15,02:02:55,13.1 mi,05:58:05
Debbie Phillips,195,31,1077,1655,40-44,46,CA,USA,---,2515,00:38:25,1.2 mi,00:04:31,03:07:15,56 mi,00:02:05,02:05:49,13.1 mi,05:58:05
Steven Reynolds,883,201,1078,1068,40-44,43,UT,USA,---,1711,00:45:00,1.2 mi,00:09:27,03:01:17,56 mi,00:06:21,01:56:02,13.1 mi,05:58:07
Darrin Pattison,884,67,1079,1280,50-54,55,CA,USA,---,1939,00:43:23,1.2 mi,00:07:02,02:55:17,56 mi,00:03:56,02:08:52,13.1 mi,05:58:30
Shane Boxrz,885,183,1080,176,35-39,42,TX,USA,---,1667,00:40:15,1.2 mi,00:06:21,03:00:45,56 mi,00:04:17,02:06:53,13.1 mi,05:58:31
Andrew Weber,886,107,1081,2925,45-49,49,CA,USA,---,1732,00:39:11,1.2 mi,00:05:24,03:06:10,56 mi,00:04:26,02:03:23,13.1 mi,05:58:34
Ken Josefsberg,887,108,1082,2441,45-49,52,CA,USA,---,1730,00:40:49,1.2 mi,00:09:07,02:56:06,56 mi,00:03:25,02:09:12,13.1 mi,05:58:39
Jo Fuller,196,31,1083,2020,35-39,41,---,USA,---,2226,00:48:25,1.2 mi,00:04:24,03:07:44,56 mi,00:04:14,01:53:56,13.1 mi,05:58:43
Laurene Rovins,197,44,1084,2152,30-34,38,CA,USA,---,2195,00:39:40,1.2 mi,00:07:57,03:19:04,56 mi,00:03:09,01:48:53,13.1 mi,05:58:43
Dave Wade,888,109,1085,2588,45-49,50,CA,USA,---,1729,00:45:42,1.2 mi,00:08:55,03:01:30,56 mi,00:03:40,01:58:56,13.1 mi,05:58:43
Mark Mcdermott,889,68,1086,1321,50-54,56,CA,USA,---,1932,00:49:30,1.2 mi,00:09:49,02:50:51,56 mi,00:03:01,02:05:41,13.1 mi,05:58:52
Patrick Baker,890,202,1087,716,40-44,46,CA,USA,---,1697,00:41:31,1.2 mi,00:08:39,02:59:51,56 mi,00:04:18,02:04:34,13.1 mi,05:58:53
Alexander Chin,891,110,1088,2350,45-49,49,CA,USA,---,1724,00:49:58,1.2 mi,00:08:01,03:01:44,56 mi,00:03:38,01:55:38,13.1 mi,05:58:59
Jeffrey Todd,892,203,1089,1131,40-44,47,CA,USA,---,1695,00:36:33,1.2 mi,00:06:44,03:06:30,56 mi,00:04:45,02:04:28,13.1 mi,05:59:00
Bill Willits,893,111,1090,2600,45-49,51,CA,USA,---,1724,00:48:28,1.2 mi,00:03:31,03:06:21,56 mi,00:02:22,01:58:18,13.1 mi,05:59:00
Justin Maeda,894,19,1091,532,18-24,28,CA,USA,---,2053,00:42:37,1.2 mi,00:03:35,02:53:24,56 mi,00:02:47,02:16:38,13.1 mi,05:59:01
Lawrence Gunn,895,184,1092,273,35-39,43,---,USA,---,1658,00:43:09,1.2 mi,00:07:04,03:02:30,56 mi,00:04:47,02:01:34,13.1 mi,05:59:04
Craig Orgill,896,185,1093,387,35-39,40,CA,USA,---,1657,00:38:31,1.2 mi,00:05:06,03:15:27,56 mi,00:03:21,01:56:40,13.1 mi,05:59:05
Matt Holmes,897,112,1094,2430,45-49,49,CA,USA,---,1721,00:45:41,1.2 mi,00:05:42,03:20:40,56 mi,00:02:56,01:44:10,13.1 mi,05:59:09
Matt Brisbois,898,186,1095,178,35-39,39,CA,USA,---,1655,00:30:10,1.2 mi,00:05:33,03:14:43,56 mi,00:03:29,02:05:17,13.1 mi,05:59:12
Moma Vidakovic,899,113,1096,2584,45-49,52,IL,USA,---,1720,00:45:12,1.2 mi,00:11:42,03:12:30,56 mi,00:05:46,01:44:04,13.1 mi,05:59:14
Robert Krejci,900,187,1097,320,35-39,42,CA,USA,---,1654,00:38:22,1.2 mi,00:09:12,03:08:46,56 mi,00:05:47,01:57:09,13.1 mi,05:59:16
Matthew Hardy,901,204,1098,893,40-44,44,UT,USA,---,1690,00:39:38,1.2 mi,00:06:28,02:55:29,56 mi,00:04:04,02:13:38,13.1 mi,05:59:17
Estelle Maes,198,32,1099,2064,35-39,42,AZ,USA,---,2216,00:43:03,1.2 mi,00:06:11,03:12:15,56 mi,00:02:06,01:55:43,13.1 mi,05:59:18
Kristi Douglas,199,32,1100,1599,40-44,45,CA,USA,---,2492,00:40:37,1.2 mi,00:04:36,02:59:03,56 mi,00:03:22,02:11:41,13.1 mi,05:59:19
Veronica Marzorini,200,26,1101,1779,45-49,49,CA,USA,---,2573,00:40:23,1.2 mi,00:07:35,03:12:21,56 mi,00:04:32,01:54:32,13.1 mi,05:59:23
Jennifer Kenney,201,33,1102,1623,40-44,40,NC,USA,---,2490,00:49:24,1.2 mi,00:05:26,03:06:56,56 mi,00:03:22,01:54:19,13.1 mi,05:59:27
Josh Bonifas,902,188,1103,173,35-39,40,CA,USA,---,1650,00:38:57,1.2 mi,00:06:05,03:12:03,56 mi,00:04:48,01:57:35,13.1 mi,05:59:28
Bradley Martin,903,136,1104,2782,30-34,36,CO,USA,---,1707,00:46:03,1.2 mi,00:09:38,03:09:17,56 mi,00:06:20,01:48:10,13.1 mi,05:59:28
Amalia Del Rosario,202,33,1105,2016,35-39,42,CA,USA,---,2212,00:49:07,1.2 mi,00:03:38,03:15:24,56 mi,00:02:02,01:49:19,13.1 mi,05:59:30
Matthew Murphy,904,6,1106,121,40-44,44,CA,USA,---,1685,00:37:23,1.2 mi,00:05:19,02:59:57,56 mi,00:03:16,02:13:37,13.1 mi,05:59:32
Tim Harshman,905,77,1107,622,25-29,28,CA,USA,---,1711,00:36:37,1.2 mi,00:06:23,03:06:48,56 mi,00:03:01,02:06:57,13.1 mi,05:59:46
Heather Zakhar,203,34,1108,2138,35-39,40,CA,USA,---,2207,00:42:56,1.2 mi,00:04:30,03:10:06,56 mi,00:02:11,02:00:03,13.1 mi,05:59:46
Daniel Sabedra,906,69,1109,1285,50-54,55,CA,USA,---,1916,00:44:38,1.2 mi,00:08:13,02:57:11,56 mi,00:05:04,02:04:41,13.1 mi,05:59:47
Julie Mazeika,204,2,1110,1716,18-24,24,---,USA,---,2818,00:40:45,1.2 mi,00:05:05,03:17:36,56 mi,00:04:00,01:52:26,13.1 mi,05:59:52
Javier Villarreal,907,205,1111,1145,40-44,48,Intl State,MEX,---,1679,00:40:56,1.2 mi,00:07:11,03:06:30,56 mi,00:03:35,02:01:41,13.1 mi,05:59:53
Stephen Sampson,908,78,1112,668,25-29,31,CA,USA,---,1707,00:36:05,1.2 mi,00:04:35,02:59:41,56 mi,00:03:07,02:16:30,13.1 mi,05:59:58
Bryan Robinson,909,206,1113,1070,40-44,46,---,USA,---,1677,00:34:15,1.2 mi,00:03:26,03:06:33,56 mi,00:04:08,02:11:36,13.1 mi,05:59:58
Blaine Knight,910,207,1114,938,40-44,47,UT,USA,---,1676,00:37:12,1.2 mi,00:05:36,02:55:44,56 mi,00:06:57,02:14:33,13.1 mi,06:00:02
Matt Schwarz,911,189,1115,447,35-39,41,CA,USA,---,1639,00:36:44,1.2 mi,00:10:07,03:11:39,56 mi,00:04:37,01:56:58,13.1 mi,06:00:05
Jeff Mcdowell,912,79,1116,645,25-29,33,CA,USA,---,1705,00:48:56,1.2 mi,00:08:24,03:04:20,56 mi,00:04:44,01:53:41,13.1 mi,06:00:05
Gregory Funk,913,208,1117,853,40-44,45,CA,USA,---,1675,00:58:28,1.2 mi,00:05:05,02:59:56,56 mi,00:03:52,01:52:46,13.1 mi,06:00:07
Steve Platt,914,114,1118,2505,45-49,52,CA,USA,---,1703,00:43:25,1.2 mi,00:06:33,03:15:44,56 mi,00:04:02,01:50:25,13.1 mi,06:00:09
Jamie Walters,915,209,1119,1153,40-44,47,CA,USA,---,1674,00:43:17,1.2 mi,00:06:23,02:57:11,56 mi,00:04:06,02:09:13,13.1 mi,06:00:10
Melanie Barrett,205,35,1120,1997,35-39,38,UT,USA,---,2198,00:45:36,1.2 mi,00:08:42,03:17:32,56 mi,00:05:16,01:43:12,13.1 mi,06:00:18
Ryan Long,916,137,1121,2775,30-34,37,CA,USA,---,1690,00:40:32,1.2 mi,00:06:29,03:10:41,56 mi,00:04:46,01:57:56,13.1 mi,06:00:24
Perry Willette,917,70,1122,1296,50-54,55,NC,USA,---,1904,00:44:33,1.2 mi,00:05:55,03:04:22,56 mi,00:03:35,02:02:00,13.1 mi,06:00:25
Kenneth Peterson,918,34,1123,1480,55-59,62,CA,USA,---,2343,00:36:02,1.2 mi,00:05:26,03:00:27,56 mi,00:02:36,02:15:58,13.1 mi,06:00:29
Ryan Roufs,919,138,1124,2844,30-34,37,CA,USA,---,1687,00:44:12,1.2 mi,00:04:54,02:57:40,56 mi,00:03:32,02:10:15,13.1 mi,06:00:33
Javier Ramirez,920,210,1125,1061,40-44,---,CA,USA,---,1665,00:38:57,1.2 mi,00:05:02,03:10:10,56 mi,00:02:57,02:03:33,13.1 mi,06:00:39
Laura Kirkeby,206,27,1126,1865,25-29,32,CA,USA,---,2395,00:46:38,1.2 mi,00:04:52,03:06:13,56 mi,00:02:35,02:00:38,13.1 mi,06:00:56
Kevin Mcnulty,921,211,1127,992,40-44,47,CA,USA,---,1659,00:38:28,1.2 mi,00:05:53,03:06:49,56 mi,00:05:39,02:04:10,13.1 mi,06:00:59
William Van Nostrand,922,71,1128,1384,50-54,58,NY,USA,---,1894,00:34:07,1.2 mi,00:08:59,03:07:01,56 mi,00:05:25,02:05:29,13.1 mi,06:01:01
Lauren Wittmann,207,45,1129,2265,30-34,36,CA,USA,---,2153,00:41:54,1.2 mi,00:06:34,03:08:44,56 mi,00:03:10,02:00:40,13.1 mi,06:01:02
Manfred Koch,923,212,1130,941,40-44,44,CA,USA,---,1657,00:40:22,1.2 mi,00:07:42,03:05:02,56 mi,00:06:09,02:01:51,13.1 mi,06:01:06
Erik Pentland,924,190,1131,397,35-39,41,CA,USA,---,1621,00:41:21,1.2 mi,00:07:15,03:10:15,56 mi,00:06:28,01:55:48,13.1 mi,06:01:07
Jeff Soebbing,925,115,1132,2553,45-49,53,MO,USA,---,1681,00:38:33,1.2 mi,00:06:57,03:09:17,56 mi,00:04:11,02:02:24,13.1 mi,06:01:22
Dan Studebaker,926,213,1133,1118,40-44,46,CA,USA,---,1651,00:47:29,1.2 mi,00:08:03,03:11:02,56 mi,00:03:22,01:51:29,13.1 mi,06:01:25
Elda Rudd,208,34,1134,1661,40-44,48,CA,USA,---,2454,00:51:42,1.2 mi,00:04:49,03:10:16,56 mi,00:02:18,01:52:22,13.1 mi,06:01:27
Inaki Sanz,927,191,1135,443,35-39,39,Df,MEX,---,1614,00:42:06,1.2 mi,00:05:22,03:02:30,56 mi,00:03:21,02:08:10,13.1 mi,06:01:29
Camilo Alvarez,928,192,1136,133,35-39,42,CA,USA,---,1611,00:37:39,1.2 mi,00:05:04,03:06:21,56 mi,00:03:58,02:08:36,13.1 mi,06:01:38
Winston Elton,929,214,1137,828,40-44,44,CA,USA,---,1647,00:43:24,1.2 mi,00:06:07,03:02:26,56 mi,00:04:11,02:05:32,13.1 mi,06:01:40
Alfonso Leon,930,215,1138,956,40-44,46,---,MEX,---,1645,00:43:33,1.2 mi,00:09:44,03:22:33,56 mi,00:03:57,01:41:58,13.1 mi,06:01:45
Kum Yu,931,80,1139,696,25-29,31,---,USA,---,1673,00:51:16,1.2 mi,00:08:46,03:04:29,56 mi,00:03:31,01:53:48,13.1 mi,06:01:50
Mary Karottki,209,46,1140,2205,30-34,34,AZ,USA,---,2137,00:46:47,1.2 mi,00:06:07,03:06:29,56 mi,00:05:52,01:56:42,13.1 mi,06:01:57
Ashley Pyles-Goodson,210,47,1141,2241,30-34,36,CO,USA,---,2135,00:33:57,1.2 mi,00:06:04,03:20:57,56 mi,00:04:05,01:57:01,13.1 mi,06:02:04
Denis Kervella,932,72,1142,1268,50-54,55,TX,USA,---,1872,00:42:36,1.2 mi,00:09:00,03:08:18,56 mi,00:02:17,02:00:01,13.1 mi,06:02:12
Gabriel Daiello,933,35,1143,1397,55-59,59,CA,USA,---,2311,00:48:13,1.2 mi,00:09:55,03:08:04,56 mi,00:06:33,01:49:30,13.1 mi,06:02:15
Ronald Voss,934,116,1144,2587,45-49,51,CA,USA,---,1663,00:43:58,1.2 mi,00:14:02,03:11:01,56 mi,00:05:13,01:48:09,13.1 mi,06:02:23
Ben Tran,935,193,1145,480,35-39,38,ID,USA,---,1597,00:44:06,1.2 mi,00:06:13,03:05:20,56 mi,00:02:30,02:04:16,13.1 mi,06:02:25
Brian Santucci,936,194,1146,442,35-39,39,CA,USA,---,1597,00:44:25,1.2 mi,00:07:26,03:06:12,56 mi,00:06:09,01:58:14,13.1 mi,06:02:26
Margy Tonnies,211,35,1147,1691,40-44,47,MO,USA,---,2433,00:41:09,1.2 mi,00:07:10,03:00:06,56 mi,00:04:03,02:10:08,13.1 mi,06:02:36
Mark Campbell,937,216,1148,761,40-44,44,CA,USA,---,1629,00:29:55,1.2 mi,00:04:03,02:58:34,56 mi,00:02:54,02:27:12,13.1 mi,06:02:38
Treven Ho,212,36,1149,2035,35-39,40,CA,USA,---,2154,00:41:44,1.2 mi,00:04:37,03:14:10,56 mi,00:03:32,01:58:41,13.1 mi,06:02:44
Jason Jamora,938,139,1150,2747,30-34,37,CA,USA,---,1647,00:49:55,1.2 mi,00:04:48,02:54:18,56 mi,00:05:31,02:08:15,13.1 mi,06:02:47
David Perez,939,195,1151,398,35-39,40,CA,USA,---,1590,00:37:25,1.2 mi,00:05:30,02:53:32,56 mi,00:03:15,02:23:06,13.1 mi,06:02:48
Jeffrey Oraker,940,217,1152,1024,40-44,47,CO,USA,---,1626,00:35:04,1.2 mi,00:06:56,03:09:31,56 mi,00:04:44,02:06:34,13.1 mi,06:02:49
Erin Lalor,213,16,1153,1935,50-54,56,CA,USA,---,2452,00:34:40,1.2 mi,00:05:15,03:14:04,56 mi,00:02:28,02:06:22,13.1 mi,06:02:49
Todd Austin,941,218,1154,711,40-44,45,CA,USA,---,1625,00:37:56,1.2 mi,00:05:02,03:03:37,56 mi,00:03:29,02:12:49,13.1 mi,06:02:53
Derek Davis,942,196,1155,212,35-39,40,---,USA,---,1588,00:37:51,1.2 mi,00:05:48,02:49:17,56 mi,00:03:31,02:26:30,13.1 mi,06:02:57
Gary Treskes,943,117,1156,2579,45-49,52,CA,USA,---,1651,00:40:23,1.2 mi,00:04:40,03:10:47,56 mi,00:02:17,02:04:56,13.1 mi,06:03:03
Gerald Fineman,944,73,1157,1192,50-54,54,CA,USA,---,1855,00:44:07,1.2 mi,00:06:51,03:08:25,56 mi,00:04:55,01:58:52,13.1 mi,06:03:10
Dustin Denti,945,197,1158,218,35-39,42,CA,USA,---,1583,00:37:50,1.2 mi,00:05:58,03:00:56,56 mi,00:02:57,02:15:33,13.1 mi,06:03:14
Dianna Wright,214,27,1159,1831,45-49,53,UT,USA,---,2502,00:36:16,1.2 mi,00:06:00,03:10:00,56 mi,00:05:07,02:05:54,13.1 mi,06:03:17
Todd Stalnaker,946,74,1160,1289,50-54,54,FL,USA,---,1851,00:28:07,1.2 mi,00:07:01,03:04:17,56 mi,00:05:41,02:18:16,13.1 mi,06:03:22
Bryan Mcbride,947,118,1161,2475,45-49,53,CA,USA,---,1645,00:44:09,1.2 mi,00:07:38,03:01:17,56 mi,00:03:50,02:06:29,13.1 mi,06:03:23
Michael Nguyen,948,140,1162,2806,30-34,34,CA,USA,---,1631,00:44:53,1.2 mi,00:05:44,03:05:05,56 mi,00:03:51,02:04:09,13.1 mi,06:03:42
Jennifer Martin,215,37,1163,2066,35-39,41,AZ,USA,---,2136,00:41:20,1.2 mi,00:05:03,03:09:34,56 mi,00:02:58,02:04:49,13.1 mi,06:03:44
Nadia Ruiz,216,28,1164,1883,25-29,32,CA,USA,---,2343,00:41:56,1.2 mi,00:08:04,03:28:40,56 mi,00:04:02,01:41:05,13.1 mi,06:03:47
Vance Barrett,949,198,1165,150,35-39,40,UT,USA,---,1572,00:43:10,1.2 mi,00:09:30,02:56:09,56 mi,00:07:43,02:07:16,13.1 mi,06:03:48
Octavio Armas,950,75,1166,1301,50-54,56,CA,USA,---,1842,00:47:33,1.2 mi,00:07:18,02:57:58,56 mi,00:04:35,02:06:30,13.1 mi,06:03:54
David Hansen,951,199,1167,279,35-39,40,AZ,USA,---,1568,00:42:06,1.2 mi,00:07:26,03:10:45,56 mi,00:04:46,01:58:58,13.1 mi,06:04:01
David Lee,952,76,1168,1369,50-54,58,CA,USA,---,1839,00:50:59,1.2 mi,00:06:38,03:06:08,56 mi,00:05:05,01:55:13,13.1 mi,06:04:03
Anthony Stone,953,219,1169,1115,40-44,47,CA,USA,---,1603,00:51:12,1.2 mi,00:06:43,02:54:59,56 mi,00:03:29,02:07:42,13.1 mi,06:04:05
Lee Brownell,954,36,1170,1451,55-59,61,CA,USA,---,2277,00:35:42,1.2 mi,00:07:37,02:58:28,56 mi,00:03:12,02:19:10,13.1 mi,06:04:09
Wayne Yurtin,955,119,1171,2607,45-49,51,CA,USA,---,1631,00:50:37,1.2 mi,00:05:26,02:53:22,56 mi,00:02:58,02:11:46,13.1 mi,06:04:09
Megan Culver,217,38,1172,2014,35-39,42,CA,USA,---,2128,00:39:46,1.2 mi,00:06:25,03:15:19,56 mi,00:03:02,01:59:39,13.1 mi,06:04:11
Karl Mueller,956,220,1173,1009,40-44,48,AZ,USA,---,1598,00:32:51,1.2 mi,00:06:46,03:08:45,56 mi,00:03:19,02:12:42,13.1 mi,06:04:23
Brian Tunnicliff,957,81,1174,687,25-29,32,CA,USA,---,1626,00:47:01,1.2 mi,00:06:02,03:07:22,56 mi,00:02:40,02:01:24,13.1 mi,06:04:29
Matthew King,958,200,1175,314,35-39,40,CA,USA,---,1557,00:45:23,1.2 mi,00:08:40,03:02:48,56 mi,00:04:04,02:03:43,13.1 mi,06:04:38
Gamze Kircalioglu,218,36,1176,1625,40-44,45,CA,USA,---,2396,00:34:58,1.2 mi,00:06:18,03:12:04,56 mi,00:02:58,02:08:22,13.1 mi,06:04:40
Kevin Blain,959,201,1177,169,35-39,42,CA,USA,---,1556,00:44:10,1.2 mi,00:09:21,02:44:02,56 mi,00:02:56,02:24:12,13.1 mi,06:04:41
John Reed,960,77,1178,1375,50-54,57,CA,USA,---,1827,00:41:34,1.2 mi,00:07:50,03:20:51,56 mi,00:03:42,01:50:45,13.1 mi,06:04:42
Barry Vince,961,120,1179,2585,45-49,51,CA,USA,---,1621,00:40:09,1.2 mi,00:09:03,03:08:17,56 mi,00:06:41,02:00:33,13.1 mi,06:04:43
Dmitriy Illyinksy,962,141,1180,2743,30-34,37,AZ,USA,---,1608,00:51:39,1.2 mi,00:05:56,03:28:22,56 mi,00:03:04,01:35:56,13.1 mi,06:04:57
Judy Chen,219,48,1181,2164,30-34,37,CA,USA,---,2081,00:43:14,1.2 mi,00:04:20,03:19:51,56 mi,00:01:59,01:55:39,13.1 mi,06:05:03
Joevil Padayhag,963,202,1182,392,35-39,40,CA,USA,---,1549,00:46:29,1.2 mi,00:04:39,03:04:05,56 mi,00:04:19,02:05:33,13.1 mi,06:05:05
Fernando Garcia Rochin,964,221,1183,859,40-44,48,Distrito Federal,MEX,---,1585,00:42:12,1.2 mi,00:09:21,03:10:43,56 mi,00:07:01,01:55:49,13.1 mi,06:05:06
Amanda Basa Falitz,220,49,1184,2146,30-34,34,CA,USA,---,2080,00:36:58,1.2 mi,00:08:57,03:11:57,56 mi,00:04:30,02:02:45,13.1 mi,06:05:07
Mauriel Banaticla,965,222,1185,718,40-44,44,CA,USA,---,1582,00:54:59,1.2 mi,00:08:32,03:06:43,56 mi,00:05:19,01:49:42,13.1 mi,06:05:15
Ken Brown,966,78,1186,1335,50-54,57,CA,USA,---,1816,00:43:13,1.2 mi,00:09:01,03:08:24,56 mi,00:05:48,01:58:53,13.1 mi,06:05:19
Darin Gray,967,223,1187,878,40-44,44,CA,USA,---,1580,00:45:09,1.2 mi,00:08:45,03:19:24,56 mi,00:03:15,01:48:50,13.1 mi,06:05:23
Anthony Eliason,968,142,1188,2690,30-34,38,CA,USA,---,1597,00:37:44,1.2 mi,00:06:04,03:04:09,56 mi,00:03:36,02:14:00,13.1 mi,06:05:33
Joel Klein,969,224,1189,936,40-44,45,CA,USA,---,1576,00:35:38,1.2 mi,00:05:56,03:11:15,56 mi,00:03:27,02:09:20,13.1 mi,06:05:36
Yu-Nan Tai,970,143,1190,2876,30-34,37,CA,USA,---,1595,00:41:22,1.2 mi,00:03:56,03:08:55,56 mi,00:05:35,02:05:51,13.1 mi,06:05:39
James Wheeler,971,121,1191,2595,45-49,51,CA,USA,---,1603,00:41:04,1.2 mi,00:09:16,03:19:26,56 mi,00:05:37,01:50:20,13.1 mi,06:05:43
Wendy Lopez,221,50,1192,2221,30-34,38,ON,CAN,---,2063,00:37:00,1.2 mi,00:04:48,03:18:53,56 mi,00:02:31,02:02:52,13.1 mi,06:06:04
Martin Caniza,972,20,1193,516,18-24,25,CA,USA,---,1921,00:40:31,1.2 mi,00:05:15,03:14:17,56 mi,00:05:03,02:01:14,13.1 mi,06:06:20
Giuseppe Ciuffa,973,225,1194,777,40-44,45,CA,USA,---,1562,00:38:32,1.2 mi,00:04:15,02:50:53,56 mi,00:03:14,02:29:28,13.1 mi,06:06:22
Nader Burpee,974,82,1195,573,25-29,31,VA,USA,---,1589,00:42:01,1.2 mi,00:05:17,02:49:47,56 mi,00:03:35,02:25:53,13.1 mi,06:06:33
Kevin Fayad,975,122,1196,2390,45-49,---,CA,USA,---,1587,00:32:53,1.2 mi,00:05:45,03:03:01,56 mi,00:03:51,02:21:07,13.1 mi,06:06:37
Tim Crain,976,123,1197,2359,45-49,51,CA,USA,---,1586,00:44:57,1.2 mi,00:06:38,03:13:39,56 mi,00:03:16,01:58:09,13.1 mi,06:06:39
Elisabeth Bray,222,29,1198,1843,25-29,33,CA,USA,---,2291,00:30:31,1.2 mi,00:06:47,03:20:31,56 mi,00:04:35,02:04:18,13.1 mi,06:06:42
Patrick Kelly,977,226,1199,930,40-44,45,CA,USA,---,1554,00:43:31,1.2 mi,00:06:43,03:10:14,56 mi,00:03:39,02:02:41,13.1 mi,06:06:48
Leo Anthony Ortiz,978,144,1200,2813,30-34,37,CA,USA,---,1574,00:44:45,1.2 mi,00:08:01,03:18:11,56 mi,00:03:09,01:52:45,13.1 mi,06:06:51
Ryan Price,979,83,1201,658,25-29,31,CA,USA,---,1581,00:44:47,1.2 mi,00:06:23,03:16:03,56 mi,00:03:47,01:55:57,13.1 mi,06:06:57
Jamie Pietras,980,203,1202,405,35-39,42,CA,USA,---,1515,00:35:34,1.2 mi,00:04:28,03:05:15,56 mi,00:02:15,02:19:27,13.1 mi,06:06:59
Matt Ryan,981,204,1203,438,35-39,41,CA,USA,---,1508,00:36:50,1.2 mi,00:04:38,03:09:16,56 mi,00:05:17,02:11:23,13.1 mi,06:07:24
Mark Bowman,982,145,1204,2640,30-34,37,Kent,GBR,---,1562,00:43:51,1.2 mi,00:07:07,03:17:11,56 mi,00:03:42,01:55:39,13.1 mi,06:07:30
Raymond Soquena,983,84,1205,678,25-29,33,CA,USA,---,1571,00:46:42,1.2 mi,00:04:58,03:01:41,56 mi,00:03:07,02:11:05,13.1 mi,06:07:33
Shana Graham,223,39,1206,2022,35-39,42,SK,CAN,---,2066,00:36:38,1.2 mi,00:07:26,03:09:13,56 mi,00:08:10,02:06:11,13.1 mi,06:07:38
Mark Shainman,984,227,1207,1092,40-44,46,---,USA,---,1539,00:44:01,1.2 mi,00:05:02,02:56:57,56 mi,00:03:38,02:18:01,13.1 mi,06:07:39
Colleen Musielak,224,28,1208,1792,45-49,53,TX,USA,---,2423,00:47:00,1.2 mi,00:07:53,03:15:07,56 mi,00:03:27,01:54:13,13.1 mi,06:07:40
Martin Gibson,985,228,1209,865,40-44,44,TX,USA,---,1538,00:43:34,1.2 mi,00:13:05,03:03:39,56 mi,00:05:09,02:02:16,13.1 mi,06:07:43
Brian Vieira,986,229,1210,1144,40-44,45,CA,USA,---,1535,00:35:19,1.2 mi,00:06:44,03:09:14,56 mi,00:03:39,02:12:56,13.1 mi,06:07:52
Jeff Alexander,987,17,1211,1513,60-64,64,CA,USA,---,2495,00:37:54,1.2 mi,00:07:01,03:03:47,56 mi,00:04:22,02:14:48,13.1 mi,06:07:52
Jasen Brown,988,146,1212,2645,30-34,37,CA,USA,---,1554,00:38:06,1.2 mi,00:03:58,02:55:12,56 mi,00:03:17,02:27:25,13.1 mi,06:07:58
John Sun,989,230,1213,1119,40-44,48,CA,USA,---,1533,00:49:00,1.2 mi,00:04:10,03:04:14,56 mi,00:01:39,02:08:56,13.1 mi,06:07:59
Al Cameron,990,79,1214,1250,50-54,55,UT,USA,---,1767,00:46:34,1.2 mi,00:07:52,03:21:42,56 mi,00:04:28,01:47:27,13.1 mi,06:08:03
Michael Lane,991,80,1215,1270,50-54,55,---,USA,---,1764,00:42:21,1.2 mi,00:07:54,03:11:00,56 mi,00:03:57,02:03:00,13.1 mi,06:08:12
Lindsey Kasnick,225,30,1216,1863,25-29,30,CA,USA,---,2264,00:43:49,1.2 mi,00:06:42,03:17:37,56 mi,00:02:42,01:57:22,13.1 mi,06:08:12
Garett Armsby,992,231,1217,706,40-44,45,---,USA,---,1528,00:45:42,1.2 mi,00:06:47,03:01:29,56 mi,00:03:48,02:10:31,13.1 mi,06:08:17
José Martínez,993,81,1218,1276,50-54,55,---,USA,---,1763,00:49:00,1.2 mi,00:08:23,02:56:36,56 mi,00:02:39,02:11:40,13.1 mi,06:08:18
Alexander Espinoza Md,994,205,1219,235,35-39,43,CA,USA,---,1491,00:46:58,1.2 mi,00:06:07,03:08:20,56 mi,00:04:09,02:02:46,13.1 mi,06:08:20
Conrad A. Wiser,995,18,1220,1539,60-64,67,CO,USA,---,2486,00:41:39,1.2 mi,00:05:11,03:00:26,56 mi,00:03:03,02:18:01,13.1 mi,06:08:20
Carlos Portal,996,124,1221,2507,45-49,52,CA,USA,---,1556,00:41:43,1.2 mi,00:06:49,03:07:07,56 mi,00:03:26,02:09:15,13.1 mi,06:08:20
Dennis Julianna,997,206,1222,305,35-39,43,CA,USA,---,1489,00:42:34,1.2 mi,00:07:01,03:04:48,56 mi,00:03:34,02:10:30,13.1 mi,06:08:27
John Ratzan,998,207,1223,420,35-39,42,NY,USA,---,1488,00:39:38,1.2 mi,00:07:44,03:16:59,56 mi,00:05:16,01:58:52,13.1 mi,06:08:29
Lindy Moss,226,17,1224,1944,50-54,53,CA,USA,---,2350,00:41:11,1.2 mi,00:06:45,03:06:13,56 mi,00:05:06,02:09:14,13.1 mi,06:08:29
Robert Anderson,999,125,1225,2301,45-49,53,CA,USA,---,1550,00:33:40,1.2 mi,00:05:38,03:10:08,56 mi,00:03:39,02:15:33,13.1 mi,06:08:38
Ken Clark,1000,208,1226,199,35-39,40,AZ,USA,---,1482,00:40:10,1.2 mi,00:06:58,03:13:17,56 mi,00:04:46,02:03:38,13.1 mi,06:08:49
Andrew Kosove,1001,232,1227,944,40-44,46,CA,USA,---,1514,00:42:57,1.2 mi,00:07:02,03:06:49,56 mi,00:03:57,02:08:17,13.1 mi,06:09:02
Eric Zdenek,1002,147,1228,2914,30-34,34,CA,USA,---,1535,00:40:52,1.2 mi,00:04:15,03:00:43,56 mi,00:03:21,02:19:51,13.1 mi,06:09:02
David Young,1003,126,1229,2606,45-49,50,CA,USA,---,1541,00:44:15,1.2 mi,00:05:42,02:59:57,56 mi,00:04:29,02:14:45,13.1 mi,06:09:08
Daniel Jones,1004,85,1230,633,25-29,30,CA,USA,---,1542,00:42:39,1.2 mi,00:04:13,03:21:21,56 mi,00:04:16,01:56:40,13.1 mi,06:09:09
Stacey Grosvenor,227,18,1231,1923,50-54,53,CA,USA,---,2338,00:39:46,1.2 mi,00:07:05,03:09:17,56 mi,00:03:15,02:09:48,13.1 mi,06:09:11
Neal Potter,1005,37,1232,1414,55-59,58,CA,USA,---,2184,00:48:08,1.2 mi,00:06:09,03:07:18,56 mi,00:03:59,02:03:43,13.1 mi,06:09:17
Christopher Atlee,1006,209,1233,142,35-39,39,PA,USA,---,1473,00:37:49,1.2 mi,00:05:47,03:07:21,56 mi,00:04:49,02:13:32,13.1 mi,06:09:18
Mark Morgan,1007,127,1234,2926,45-49,28,CA,USA,---,1537,00:41:15,1.2 mi,00:05:35,03:06:01,56 mi,00:05:07,02:11:26,13.1 mi,06:09:24
Steve Campbell,1008,128,1235,2345,45-49,50,AZ,USA,---,1533,00:41:21,1.2 mi,00:05:56,03:12:15,56 mi,00:03:41,02:06:22,13.1 mi,06:09:35
Alan Macneilan,1009,4,1236,1547,65-69,69,CA,USA,---,2653,00:45:04,1.2 mi,00:11:55,03:13:41,56 mi,00:03:54,01:55:06,13.1 mi,06:09:40
Victor M Rodriguez,1010,38,1237,1495,55-59,63,NV,USA,---,2176,00:38:13,1.2 mi,00:07:07,02:59:37,56 mi,00:03:08,02:21:41,13.1 mi,06:09:46
Alejandro Banuelos,1011,148,1238,2629,30-34,34,CA,USA,---,1520,00:32:19,1.2 mi,00:03:44,02:42:38,56 mi,00:01:51,02:49:17,13.1 mi,06:09:49
Stephen Wiessner,1012,149,1239,2898,30-34,37,CA,USA,---,1520,00:36:54,1.2 mi,00:08:24,03:09:01,56 mi,00:04:29,02:11:01,13.1 mi,06:09:49
Brian Gaspar,1013,210,1240,255,35-39,43,CA,USA,---,1463,00:37:25,1.2 mi,00:08:59,03:03:40,56 mi,00:06:52,02:12:55,13.1 mi,06:09:51
Rodrigo Incera,1014,150,1241,2744,30-34,37,DF,MEX,---,1516,00:40:27,1.2 mi,00:06:59,03:25:25,56 mi,00:04:08,01:53:06,13.1 mi,06:10:05
Rachel Watkins,228,31,1242,1899,25-29,28,CA,USA,---,2230,00:41:47,1.2 mi,00:06:03,03:15:09,56 mi,00:04:27,02:02:40,13.1 mi,06:10:06
Adam Wetzel,1015,151,1243,2895,30-34,38,CA,USA,---,1513,00:41:55,1.2 mi,00:06:50,03:21:08,56 mi,00:02:44,01:57:36,13.1 mi,06:10:13
Randy Carlson,1016,39,1244,1394,55-59,59,CA,USA,---,2166,00:48:57,1.2 mi,00:08:31,03:09:09,56 mi,00:05:55,01:57:46,13.1 mi,06:10:18
Chad Zdenek,1017,211,1245,513,35-39,41,---,USA,---,1454,00:55:39,1.2 mi,00:07:13,03:00:02,56 mi,00:03:06,02:04:22,13.1 mi,06:10:22
Vickie Alexander,229,5,1246,2268,55-59,61,CA,USA,---,2756,00:41:48,1.2 mi,00:06:32,03:03:59,56 mi,00:02:41,02:15:33,13.1 mi,06:10:33
Heidi Smith,230,6,1247,2290,55-59,59,HI,USA,---,2756,00:38:49,1.2 mi,00:05:05,03:04:37,56 mi,00:03:11,02:18:53,13.1 mi,06:10:35
Sunny Jo Mama Lawrence,231,51,1248,2216,30-34,35,UT,USA,---,1976,00:44:03,1.2 mi,00:09:31,03:06:12,56 mi,00:03:39,02:07:28,13.1 mi,06:10:53
Jeff Donchess,1018,152,1249,2687,30-34,35,FL,USA,---,1499,00:44:11,1.2 mi,00:06:53,03:31:22,56 mi,00:05:16,01:43:18,13.1 mi,06:11:00
Martin Connelly,1019,233,1250,785,40-44,45,PA,USA,---,1477,00:48:06,1.2 mi,00:10:01,03:04:22,56 mi,00:06:46,02:01:50,13.1 mi,06:11:05
Jose Ignacio Garcia,1020,234,1251,858,40-44,48,---,MEX,---,1476,00:52:27,1.2 mi,---,03:16:52,56 mi,00:04:43,02:03:54,13.1 mi,06:11:08
Richelle Lavin,232,40,1252,2052,35-39,40,CA,USA,---,2000,00:42:30,1.2 mi,00:07:39,03:27:06,56 mi,00:02:46,01:51:14,13.1 mi,06:11:15
Manny Sanchez,1021,235,1253,1084,40-44,45,CA,USA,---,1474,00:46:16,1.2 mi,00:08:28,03:11:40,56 mi,00:05:28,01:59:25,13.1 mi,06:11:17
Ramon Baez,1022,153,1254,2626,30-34,34,CA,USA,---,1492,00:45:22,1.2 mi,00:09:35,03:11:55,56 mi,00:04:03,02:00:28,13.1 mi,06:11:23
David Isaac,1023,236,1255,913,40-44,46,CA,USA,---,1471,00:44:47,1.2 mi,00:05:47,03:12:21,56 mi,00:02:51,02:05:40,13.1 mi,06:11:26
Kelli Binder,233,3,1256,1711,18-24,28,CA,USA,---,2609,00:36:59,1.2 mi,00:05:36,03:26:14,56 mi,00:04:34,01:58:07,13.1 mi,06:11:30
Jason Maxfield,1024,237,1257,982,40-44,47,CA,USA,---,1466,00:39:56,1.2 mi,00:05:28,03:18:00,56 mi,00:03:20,02:04:57,13.1 mi,06:11:41
Cheryll Ku,234,37,1258,1628,40-44,44,CA,USA,---,2266,00:51:18,1.2 mi,00:07:44,03:06:17,56 mi,00:02:39,02:03:57,13.1 mi,06:11:55
Billy Yu,1025,21,1259,551,18-24,28,CA,USA,---,1819,00:46:12,1.2 mi,00:07:55,02:52:44,56 mi,00:05:20,02:19:50,13.1 mi,06:12:01
Jim Collins,1026,238,1260,782,40-44,47,CA,USA,---,1460,00:40:58,1.2 mi,00:06:45,03:13:49,56 mi,00:06:53,02:03:39,13.1 mi,06:12:04
Kristin Hershman,235,29,1261,1755,45-49,51,CA,USA,---,2344,00:38:53,1.2 mi,00:06:04,03:12:53,56 mi,00:04:12,02:10:03,13.1 mi,06:12:05
Fred Toti,1027,212,1262,479,35-39,42,KS,USA,---,1422,00:37:30,1.2 mi,00:05:40,03:16:27,56 mi,00:03:39,02:08:53,13.1 mi,06:12:09
Mike Welsh,1028,239,1263,1161,40-44,46,OK,USA,---,1458,00:44:38,1.2 mi,00:05:25,03:03:44,56 mi,00:06:26,02:11:57,13.1 mi,06:12:10
Cory Kessler,1029,154,1264,2753,30-34,37,CA,USA,---,1477,00:49:52,1.2 mi,00:07:16,03:10:32,56 mi,00:05:07,01:59:28,13.1 mi,06:12:15
Catherine Ellis,236,38,1265,1600,40-44,45,CA,USA,---,2256,00:45:17,1.2 mi,00:07:14,03:13:49,56 mi,00:03:34,02:02:32,13.1 mi,06:12:26
Brandon Hearn,1030,86,1266,625,25-29,33,CA,USA,---,1482,00:39:44,1.2 mi,00:04:06,02:44:22,56 mi,00:03:30,02:40:45,13.1 mi,06:12:27
Erin Reasoner,237,41,1267,2092,35-39,42,CA,USA,---,1976,00:40:41,1.2 mi,00:07:39,03:14:30,56 mi,00:03:58,02:05:47,13.1 mi,06:12:35
Candice Creecy,238,52,1268,2165,30-34,34,NH,USA,---,1945,00:42:29,1.2 mi,00:06:17,03:26:09,56 mi,00:04:10,01:53:33,13.1 mi,06:12:38
David Puente,1031,155,1269,2826,30-34,37,HI,USA,---,1466,00:47:14,1.2 mi,00:07:41,03:13:08,56 mi,00:02:30,02:02:18,13.1 mi,06:12:51
Randy Becker,1032,240,1270,722,40-44,46,CA,USA,---,1445,00:41:54,1.2 mi,00:08:00,03:05:50,56 mi,00:05:54,02:11:16,13.1 mi,06:12:54
Dana Joyce,239,42,1271,2139,35-39,40,CA,USA,---,1970,00:47:41,1.2 mi,00:06:00,03:15:54,56 mi,00:04:28,01:58:53,13.1 mi,06:12:56
Sylvia Hartmann,240,53,1272,2191,30-34,35,---,BRA,---,1938,00:40:01,1.2 mi,00:05:38,03:12:12,56 mi,00:03:01,02:12:07,13.1 mi,06:12:59
Rose Hajjar,241,19,1273,1925,50-54,57,CA,USA,---,2269,00:43:27,1.2 mi,00:04:58,03:16:31,56 mi,00:02:22,02:05:42,13.1 mi,06:13:00
Linda Matheson,242,30,1274,1780,45-49,50,UT,USA,---,2326,00:43:19,1.2 mi,00:07:50,03:15:17,56 mi,00:03:35,02:03:04,13.1 mi,06:13:05
Al Cameron,1033,87,1275,577,25-29,33,TX,USA,---,1468,00:41:58,1.2 mi,00:04:48,03:08:09,56 mi,00:03:30,02:14:49,13.1 mi,06:13:14
Paul Menchaca,1034,213,1276,362,35-39,41,CA,USA,---,1401,00:41:21,1.2 mi,00:04:30,03:08:00,56 mi,00:03:31,02:15:57,13.1 mi,06:13:19
John Kim,1035,214,1277,313,35-39,43,CA,USA,---,1399,00:42:05,1.2 mi,00:06:41,03:06:47,56 mi,00:02:47,02:15:05,13.1 mi,06:13:25
Robe Whittemore,1036,215,1278,496,35-39,43,CA,USA,---,1398,00:37:33,1.2 mi,00:03:34,02:55:16,56 mi,00:06:32,02:30:33,13.1 mi,06:13:28
Arthur Lawver,1037,156,1279,2766,30-34,35,PA,USA,---,1454,00:38:48,1.2 mi,00:06:37,03:10:42,56 mi,00:05:02,02:12:20,13.1 mi,06:13:29
Tryon Liesy,1038,216,1280,340,35-39,42,CA,USA,---,1397,00:40:50,1.2 mi,00:05:12,03:17:13,56 mi,00:04:03,02:06:13,13.1 mi,06:13:31
Peter Weiss,1039,82,1281,2921,50-54,57,CA,USA,---,1666,00:40:54,1.2 mi,00:06:30,03:09:29,56 mi,00:04:14,02:12:32,13.1 mi,06:13:39
Oscar Fricke,1040,19,1282,1524,60-64,65,CA,USA,---,2390,00:39:31,1.2 mi,00:05:33,03:16:11,56 mi,00:02:26,02:10:01,13.1 mi,06:13:42
Christopher Price,1041,88,1283,657,25-29,29,UT,USA,---,1459,00:36:56,1.2 mi,00:06:25,03:09:42,56 mi,00:07:35,02:13:07,13.1 mi,06:13:45
Melanie Clayton,243,43,1284,2011,35-39,43,UT,USA,---,1953,00:46:28,1.2 mi,00:09:10,03:02:14,56 mi,00:03:31,02:12:30,13.1 mi,06:13:53
Misuzu (Jo Jo) Ito,244,44,1285,2038,35-39,40,---,USA,---,1952,00:50:47,1.2 mi,00:12:03,03:15:48,56 mi,00:04:09,01:51:08,13.1 mi,06:13:55
Tom Robinson,1042,129,1286,2523,45-49,52,CA,USA,---,1454,00:32:30,1.2 mi,00:08:19,03:21:20,56 mi,00:04:25,02:07:24,13.1 mi,06:13:58
William Fritzsche,1043,40,1287,1454,55-59,61,CA,USA,---,2100,00:38:59,1.2 mi,00:06:32,03:19:54,56 mi,00:06:29,02:02:05,13.1 mi,06:13:59
Kevin Hoiland,1044,157,1288,2739,30-34,37,CA,USA,---,1445,00:29:44,1.2 mi,00:06:05,03:19:47,56 mi,00:03:35,02:14:48,13.1 mi,06:13:59
Matt Bays,1045,130,1289,2313,45-49,48,CA,USA,---,1453,00:42:48,1.2 mi,00:05:49,03:17:46,56 mi,00:03:27,02:04:12,13.1 mi,06:14:02
David Candland,1046,241,1290,763,40-44,47,AZ,USA,---,1421,00:41:36,1.2 mi,00:05:53,03:00:16,56 mi,00:03:49,02:22:38,13.1 mi,06:14:12
Laura Siniscalchi,245,31,1291,1812,45-49,50,CA,USA,---,2305,00:50:54,1.2 mi,00:08:25,03:23:44,56 mi,00:03:52,01:47:21,13.1 mi,06:14:16
Ryan Howard,1047,22,1292,528,18-24,27,TX,USA,---,1778,00:54:24,1.2 mi,00:06:08,03:05:07,56 mi,00:02:55,02:05:43,13.1 mi,06:14:17
Anna Britt,246,54,1293,2177,30-34,34,IL,USA,---,1913,00:42:55,1.2 mi,00:05:08,03:16:57,56 mi,00:02:29,02:06:53,13.1 mi,06:14:22
Tonatiuh Gutierrez,1048,242,1294,883,40-44,48,df,MEX,---,1418,00:36:03,1.2 mi,00:07:44,03:13:56,56 mi,00:07:14,02:09:27,13.1 mi,06:14:24
Mike Cruden,1049,131,1295,2362,45-49,53,CA,USA,---,1446,00:41:47,1.2 mi,00:09:49,03:03:57,56 mi,00:04:43,02:14:09,13.1 mi,06:14:25
Rachel Goyette,247,55,1296,2187,30-34,34,CA,USA,---,1912,00:50:17,1.2 mi,00:07:38,03:11:44,56 mi,00:02:31,02:02:18,13.1 mi,06:14:28
Gusti Lind,248,45,1297,2058,35-39,40,CA,USA,---,1942,00:35:58,1.2 mi,00:05:01,03:29:18,56 mi,00:02:36,02:01:36,13.1 mi,06:14:29
Michael Laurenzano,1050,158,1298,2765,30-34,34,CA,USA,---,1435,00:39:13,1.2 mi,00:08:18,03:11:07,56 mi,00:05:10,02:10:47,13.1 mi,06:14:35
Bill Pollan,1051,159,1299,2824,30-34,38,CA,USA,---,1435,00:44:56,1.2 mi,00:07:17,03:28:46,56 mi,00:03:36,01:50:00,13.1 mi,06:14:35
Michael Clark,1052,83,1300,1307,50-54,55,TX,USA,---,1649,00:45:18,1.2 mi,00:10:23,03:14:20,56 mi,00:04:53,01:59:42,13.1 mi,06:14:36
Ricky James,1053,4,1301,109,PC,28,CA,USA,---,2320,00:52:09,1.2 mi,00:06:30,03:49:15,56 mi,00:06:47,01:19:57,13.1 mi,06:14:38
John Siegel,1054,84,1302,1287,50-54,55,CA,USA,---,1648,00:41:31,1.2 mi,00:05:59,03:05:42,56 mi,00:02:29,02:18:58,13.1 mi,06:14:39
Mendi Kessler,249,46,1303,2045,35-39,42,CA,USA,---,1938,00:45:04,1.2 mi,00:08:28,03:14:00,56 mi,00:04:12,02:03:00,13.1 mi,06:14:44
Kasia Dinen,250,47,1304,2017,35-39,40,CA,USA,---,1937,00:43:32,1.2 mi,00:06:41,03:21:12,56 mi,00:03:10,02:00:11,13.1 mi,06:14:46
Jack Nicholson,1055,132,1305,2492,45-49,52,CA,USA,---,1439,00:43:22,1.2 mi,00:07:23,03:07:59,56 mi,00:04:24,02:11:41,13.1 mi,06:14:49
Deirdre Owens,251,56,1306,2235,30-34,38,CA,USA,---,1904,00:44:10,1.2 mi,00:04:29,03:08:58,56 mi,00:02:13,02:15:04,13.1 mi,06:14:54
Andrew Zgrablich,1056,23,1307,552,18-24,28,MA,USA,---,1765,00:37:43,1.2 mi,00:07:08,03:20:31,56 mi,00:04:55,02:04:43,13.1 mi,06:15:00
Byron Lea,1057,41,1308,1436,55-59,60,CA,USA,---,2080,00:44:31,1.2 mi,00:05:06,03:08:44,56 mi,00:04:10,02:12:34,13.1 mi,06:15:05
Tj Generoso,1058,160,1309,2711,30-34,34,CA,USA,---,1425,00:46:36,1.2 mi,00:08:18,03:08:45,56 mi,00:02:56,02:08:33,13.1 mi,06:15:08
John Muller,1059,42,1310,1478,55-59,62,CA,USA,---,2078,00:45:38,1.2 mi,00:07:10,02:59:35,56 mi,00:04:47,02:18:03,13.1 mi,06:15:13
Evan Lieginger,1060,161,1311,2773,30-34,35,CA,USA,---,1421,00:34:48,1.2 mi,00:07:18,02:59:43,56 mi,00:03:34,02:29:57,13.1 mi,06:15:20
Robert Virga,1061,20,1312,1511,60-64,64,CA,USA,---,2357,00:41:46,1.2 mi,00:10:03,03:20:33,56 mi,00:03:47,01:59:21,13.1 mi,06:15:30
William Arsenault,1062,43,1313,1390,55-59,59,CA,USA,---,2072,00:49:21,1.2 mi,00:11:07,02:54:51,56 mi,00:02:50,02:17:23,13.1 mi,06:15:32
Marco Antonio Merino Sosa,1063,243,1314,996,40-44,45,Intl State,MEX,---,1394,00:43:15,1.2 mi,00:09:31,03:24:59,56 mi,00:05:21,01:52:37,13.1 mi,06:15:43
Jason Ricedorff,1064,162,1315,2839,30-34,38,AZ,USA,---,1413,00:52:20,1.2 mi,00:04:54,03:08:03,56 mi,00:03:06,02:07:24,13.1 mi,06:15:47
Isa Hashim,1065,133,1316,2424,45-49,51,CA,USA,---,1418,00:46:19,1.2 mi,00:08:08,03:09:42,56 mi,00:03:49,02:08:01,13.1 mi,06:15:59
Bennet Goff,1066,244,1317,870,40-44,47,CA,USA,---,1387,00:49:15,1.2 mi,00:07:46,02:59:26,56 mi,00:04:13,02:15:25,13.1 mi,06:16:05
Andrey Balogh,1067,134,1318,2311,45-49,52,WA,USA,---,1415,00:49:08,1.2 mi,00:04:22,03:05:19,56 mi,00:02:32,02:14:50,13.1 mi,06:16:11
Emily Madsen,252,57,1319,2223,30-34,37,CA,USA,---,1879,00:39:33,1.2 mi,00:06:29,03:17:27,56 mi,00:03:36,02:09:11,13.1 mi,06:16:16
Brian Gonosey,1068,245,1320,872,40-44,43,CA,USA,---,1383,00:37:52,1.2 mi,00:06:18,02:56:40,56 mi,00:02:54,02:32:35,13.1 mi,06:16:19
Jennifer Woodruff,253,39,1321,1703,40-44,46,OR,USA,---,2186,00:42:31,1.2 mi,00:05:45,03:05:36,56 mi,00:03:45,02:18:42,13.1 mi,06:16:19
Federico Gutierrez,1069,217,1322,2923,35-39,43,---,MEX,---,1343,00:39:07,1.2 mi,00:08:19,03:05:45,56 mi,00:03:43,02:19:40,13.1 mi,06:16:34
Jeana Loureiro,254,32,1323,1875,25-29,32,CA,USA,---,2109,00:41:05,1.2 mi,00:08:01,03:10:56,56 mi,00:02:58,02:13:48,13.1 mi,06:16:48
Hugo Aveytua,1070,218,1324,143,35-39,42,Intl State,MEX,---,1338,00:45:08,1.2 mi,00:04:50,03:08:32,56 mi,00:02:25,02:15:55,13.1 mi,06:16:50
Christopher Millard,1071,163,1325,2796,30-34,34,CA,USA,---,1394,00:43:58,1.2 mi,00:04:15,03:03:50,56 mi,00:01:56,02:22:51,13.1 mi,06:16:50
Roy Barba,1072,89,1326,561,25-29,31,CA,USA,---,1400,00:56:14,1.2 mi,00:03:58,03:25:31,56 mi,00:04:07,01:47:11,13.1 mi,06:17:01
Ronald Clawson,1073,44,1327,1396,55-59,59,CA,USA,---,2044,00:44:22,1.2 mi,00:06:08,03:10:08,56 mi,00:06:28,02:09:59,13.1 mi,06:17:05
Kyle Acree,1074,219,1328,129,35-39,41,NV,USA,---,1331,00:40:25,1.2 mi,00:05:18,03:00:10,56 mi,00:05:26,02:25:52,13.1 mi,06:17:11
Stephen Jurca,1075,45,1329,1403,55-59,59,AZ,USA,---,2041,00:50:41,1.2 mi,00:04:46,03:03:16,56 mi,00:02:23,02:16:09,13.1 mi,06:17:15
Doug Layne,1076,246,1330,952,40-44,48,CA,USA,---,1365,00:38:15,1.2 mi,00:05:39,03:09:14,56 mi,00:04:55,02:19:17,13.1 mi,06:17:20
Helan Park,255,40,1331,1652,40-44,46,CA,USA,---,2167,00:44:08,1.2 mi,00:09:42,03:14:34,56 mi,00:04:43,02:04:16,13.1 mi,06:17:23
Robert Harrison,1077,135,1332,2423,45-49,51,CA,USA,---,1393,00:40:54,1.2 mi,00:06:46,03:12:44,56 mi,00:04:02,02:12:58,13.1 mi,06:17:24
Guy Moore,1078,46,1333,1439,55-59,60,CA,USA,---,2037,00:37:27,1.2 mi,00:07:41,03:18:34,56 mi,00:05:40,02:08:06,13.1 mi,06:17:28
Gino Jooyan,1079,247,1334,922,40-44,48,CA,USA,---,1360,00:39:31,1.2 mi,00:06:49,03:24:50,56 mi,00:05:12,02:01:13,13.1 mi,06:17:35
Paul Williamson,1080,164,1335,2900,30-34,37,CA,USA,---,1381,00:44:18,1.2 mi,00:05:47,03:10:47,56 mi,00:04:48,02:11:55,13.1 mi,06:17:35
Timothy Finn,1081,165,1336,2701,30-34,36,IL,USA,---,1380,00:45:16,1.2 mi,00:05:54,03:21:41,56 mi,00:03:17,02:01:29,13.1 mi,06:17:37
Jerry Fleming,1082,21,1337,1533,60-64,67,TX,USA,---,2318,00:43:56,1.2 mi,00:14:46,03:22:31,56 mi,00:06:48,01:49:39,13.1 mi,06:17:40
Molly Welker,256,41,1338,1702,40-44,45,CA,USA,---,2162,00:45:25,1.2 mi,00:06:54,03:10:38,56 mi,00:04:30,02:10:14,13.1 mi,06:17:41
Norbinn Rodrigo,1083,220,1339,430,35-39,39,NV,USA,---,1322,00:49:24,1.2 mi,00:07:04,03:09:45,56 mi,00:02:58,02:08:31,13.1 mi,06:17:42
Ross Thompson,1084,47,1340,1447,55-59,60,CA,USA,---,2033,00:40:48,1.2 mi,00:09:34,03:02:36,56 mi,00:05:41,02:19:03,13.1 mi,06:17:42
Jen Livia,257,58,1341,2219,30-34,36,CA,USA,---,1852,00:44:35,1.2 mi,00:06:28,03:37:23,56 mi,00:01:53,01:47:27,13.1 mi,06:17:46
Heather Scott,258,48,1342,2101,35-39,39,CA,USA,---,1883,00:41:38,1.2 mi,00:08:09,03:11:23,56 mi,00:03:48,02:12:50,13.1 mi,06:17:48
Andres Quintana,1085,248,1343,1060,40-44,45,CA,USA,---,1356,00:42:24,1.2 mi,00:05:48,03:04:52,56 mi,00:08:54,02:15:52,13.1 mi,06:17:50
Abby Green,259,33,1344,1861,25-29,30,WI,USA,---,2090,00:45:40,1.2 mi,00:06:22,03:22:18,56 mi,00:05:05,01:58:26,13.1 mi,06:17:51
Matthew Siedenburg,1086,166,1345,2863,30-34,36,CA,USA,---,1373,00:44:49,1.2 mi,00:06:09,03:23:50,56 mi,00:04:39,01:58:35,13.1 mi,06:18:02
Eric Reichart,1087,221,1346,422,35-39,39,---,PYF,---,1315,00:38:45,1.2 mi,00:07:47,02:53:07,56 mi,00:03:43,02:34:45,13.1 mi,06:18:07
Michael Stevens,1088,48,1347,1499,55-59,63,CA,USA,---,2024,00:34:25,1.2 mi,00:05:56,03:11:08,56 mi,00:06:30,02:20:14,13.1 mi,06:18:13
David Hayes,1089,49,1348,1472,55-59,62,CA,USA,---,2021,00:36:41,1.2 mi,00:06:51,03:10:35,56 mi,00:04:46,02:19:28,13.1 mi,06:18:21
Christopher Scott,1090,222,1349,448,35-39,41,---,USA,---,1309,00:47:56,1.2 mi,00:07:57,03:10:08,56 mi,00:03:57,02:08:27,13.1 mi,06:18:25
Tim Duffy,1091,249,1350,817,40-44,45,UT,USA,---,1345,00:48:29,1.2 mi,00:06:11,03:03:55,56 mi,00:05:48,02:14:04,13.1 mi,06:18:27
Brad Kelley,1092,136,1351,2443,45-49,49,TX,USA,---,1373,00:53:35,1.2 mi,00:06:52,03:13:50,56 mi,00:03:16,02:00:55,13.1 mi,06:18:28
Ryan Thomas,1093,223,1352,470,35-39,38,UT,USA,---,1307,00:42:51,1.2 mi,00:10:25,02:58:51,56 mi,00:07:11,02:19:16,13.1 mi,06:18:34
Jeff Burgess,1094,167,1353,2648,30-34,37,UT,USA,---,1360,00:42:39,1.2 mi,00:05:50,03:11:28,56 mi,00:06:02,02:12:45,13.1 mi,06:18:44
Tyson Williams,1095,90,1354,692,25-29,31,CA,USA,---,1368,00:42:23,1.2 mi,00:04:16,02:58:38,56 mi,00:02:50,02:30:41,13.1 mi,06:18:48
Daniel Romano,1096,224,1355,431,35-39,42,---,MEX,---,1302,00:42:54,1.2 mi,00:04:49,03:35:44,56 mi,00:06:10,01:49:13,13.1 mi,06:18:50
Tom Fitzsimons,1097,250,1356,845,40-44,45,AZ,USA,---,1335,00:39:30,1.2 mi,00:09:54,03:20:44,56 mi,00:03:16,02:05:35,13.1 mi,06:18:59
Jim Burlew,1098,251,1357,753,40-44,43,CA,USA,---,1331,00:44:43,1.2 mi,00:07:53,03:05:21,56 mi,00:07:15,02:14:00,13.1 mi,06:19:12
Craig Zelles,1099,85,1358,1238,50-54,53,CA,USA,---,1565,00:39:21,1.2 mi,00:04:40,03:16:45,56 mi,00:03:10,02:15:20,13.1 mi,06:19:16
Tony Toson,1100,252,1359,1134,40-44,48,GA,USA,---,1328,00:53:07,1.2 mi,00:07:31,03:16:47,56 mi,00:05:58,01:56:00,13.1 mi,06:19:23
Rose Cameron,260,59,1360,2160,30-34,35,CA,USA,---,1823,00:42:54,1.2 mi,00:05:21,03:18:54,56 mi,00:03:53,02:08:23,13.1 mi,06:19:25
Jim Hazard,1101,168,1361,2733,30-34,35,TX,USA,---,1346,00:41:49,1.2 mi,00:09:17,03:19:09,56 mi,00:05:00,02:04:17,13.1 mi,06:19:32
John Whitlinger,1102,91,1362,691,25-29,33,CA,USA,---,1354,00:44:40,1.2 mi,00:12:03,03:18:29,56 mi,00:04:20,02:00:04,13.1 mi,06:19:36
Andrew Firtel,1103,253,1363,841,40-44,46,CA,USA,---,1324,00:41:21,1.2 mi,00:06:52,03:15:20,56 mi,00:04:59,02:11:05,13.1 mi,06:19:37
Cristiane Lazoti,261,49,1364,2053,35-39,41,South Carolina,BRA,---,1848,00:47:33,1.2 mi,00:06:46,03:10:22,56 mi,00:05:15,02:09:48,13.1 mi,06:19:44
Patrick Dobbs,1104,225,1365,222,35-39,41,NV,USA,---,1284,00:34:37,1.2 mi,00:06:37,03:33:12,56 mi,00:04:19,02:01:03,13.1 mi,06:19:48
Kevin Freudenthal,1105,137,1366,2400,45-49,53,VA,USA,---,1346,00:41:57,1.2 mi,00:06:56,03:04:42,56 mi,00:04:05,02:22:19,13.1 mi,06:19:59
Gerry Charron,1106,86,1367,1252,50-54,55,CA,USA,---,1550,00:35:44,1.2 mi,00:08:38,03:03:53,56 mi,00:03:31,02:28:21,13.1 mi,06:20:07
Samuel Hires,1107,22,1368,1525,60-64,65,---,USA,---,2274,00:36:42,1.2 mi,00:07:30,03:34:22,56 mi,00:04:41,01:56:54,13.1 mi,06:20:09
Kendra Ksiazek,262,60,1369,2213,30-34,35,CA,USA,---,1808,00:28:39,1.2 mi,00:03:50,03:17:35,56 mi,00:02:32,02:27:39,13.1 mi,06:20:15
Alex Cook,1108,92,1370,587,25-29,32,PA,USA,---,1335,00:41:21,1.2 mi,00:04:05,03:09:23,56 mi,00:03:14,02:22:36,13.1 mi,06:20:39
Michael Leshnower,1109,254,1371,957,40-44,45,CA,USA,---,1303,00:33:14,1.2 mi,00:07:22,03:13:46,56 mi,00:04:21,02:22:03,13.1 mi,06:20:46
Tim Rockenbach,1110,255,1372,1071,40-44,46,---,USA,---,1301,00:45:48,1.2 mi,00:10:47,03:11:07,56 mi,00:04:54,02:08:18,13.1 mi,06:20:54
Ken Miller,1111,138,1373,2482,45-49,49,CA,USA,---,1328,00:42:59,1.2 mi,00:07:29,03:07:27,56 mi,00:03:56,02:19:07,13.1 mi,06:20:58
Paul Tyszkiewicz,1112,256,1374,1136,40-44,45,CA,USA,---,1294,00:36:22,1.2 mi,00:06:05,03:02:59,56 mi,00:03:46,02:32:05,13.1 mi,06:21:17
Gary Kelly,1113,87,1375,1343,50-54,56,AZ,USA,---,1521,00:37:21,1.2 mi,00:09:14,03:05:46,56 mi,00:04:55,02:24:27,13.1 mi,06:21:43
Katrina Pon,263,50,1376,2089,35-39,39,MO,USA,---,1810,00:40:05,1.2 mi,00:06:27,03:11:47,56 mi,00:05:11,02:18:19,13.1 mi,06:21:49
Scott Dyer,1114,226,1377,228,35-39,39,CA,USA,---,1246,00:40:19,1.2 mi,00:06:44,03:20:41,56 mi,00:04:30,02:09:43,13.1 mi,06:21:57
Greg Dyer,1115,227,1378,229,35-39,42,UT,USA,---,1246,00:46:52,1.2 mi,00:08:23,03:06:31,56 mi,00:03:53,02:16:18,13.1 mi,06:21:57
Jason Borgmann,1116,257,1379,740,40-44,43,CA,USA,---,1280,00:42:04,1.2 mi,00:11:40,03:21:14,56 mi,00:05:22,02:01:42,13.1 mi,06:22:02
Ashley Brawner,264,34,1380,1842,25-29,32,CA,USA,---,2014,00:45:31,1.2 mi,00:05:08,03:14:16,56 mi,00:02:34,02:14:36,13.1 mi,06:22:05
David Sanders,1117,258,1381,1085,40-44,43,CA,USA,---,1279,00:48:54,1.2 mi,00:06:47,03:01:22,56 mi,00:04:18,02:20:45,13.1 mi,06:22:06
Richard Iazzetta,1118,139,1382,2433,45-49,52,CA,USA,---,1307,00:44:34,1.2 mi,00:06:02,03:15:41,56 mi,00:04:37,02:11:16,13.1 mi,06:22:10
Sinta Troccoli,265,51,1383,2116,35-39,42,CA,USA,---,1802,00:45:23,1.2 mi,00:05:43,03:15:17,56 mi,00:02:50,02:13:04,13.1 mi,06:22:17
Reed Van Wagenen,1119,88,1384,1385,50-54,57,CA,USA,---,1504,00:44:18,1.2 mi,00:06:52,03:27:17,56 mi,00:04:19,01:59:54,13.1 mi,06:22:40
Justin Rauzon,1120,169,1385,2831,30-34,37,CA,USA,---,1288,00:34:27,1.2 mi,00:09:15,03:06:20,56 mi,00:01:41,02:31:00,13.1 mi,06:22:43
Todd Newman,1121,259,1386,1014,40-44,45,CA,USA,---,1262,00:43:26,1.2 mi,00:12:53,03:15:28,56 mi,00:05:58,02:05:16,13.1 mi,06:23:01
Benjamin Fesagaiga,1122,260,1387,839,40-44,43,CA,USA,---,1261,00:40:43,1.2 mi,00:07:01,03:22:28,56 mi,00:05:51,02:07:02,13.1 mi,06:23:05
Jonathan Willick,1123,170,1388,2901,30-34,35,CA,USA,---,1281,00:45:01,1.2 mi,00:05:58,03:34:06,56 mi,00:05:17,01:52:45,13.1 mi,06:23:07
Brian Bengelsdorf,1124,261,1389,725,40-44,44,CA,USA,---,1259,00:50:12,1.2 mi,00:15:02,02:51:52,56 mi,00:14:09,02:11:56,13.1 mi,06:23:11
Edward Dailey,1125,262,1390,798,40-44,46,IL,USA,---,1259,00:48:41,1.2 mi,00:06:15,02:56:22,56 mi,00:04:36,02:27:20,13.1 mi,06:23:14
Keith Dixon,1126,171,1391,2685,30-34,38,CA,USA,---,1279,00:30:48,1.2 mi,00:05:51,03:04:56,56 mi,00:04:58,02:36:42,13.1 mi,06:23:15
Jose Ornelas,1127,172,1392,2812,30-34,34,CA,USA,---,1276,00:47:42,1.2 mi,00:08:13,03:10:24,56 mi,00:04:14,02:12:50,13.1 mi,06:23:23
Linda Medina,266,42,1393,1641,40-44,45,CA,USA,---,2058,00:38:03,1.2 mi,00:05:29,03:29:15,56 mi,00:03:39,02:07:02,13.1 mi,06:23:28
Jen Yanda,267,52,1394,2135,35-39,40,WI,USA,---,1780,00:41:19,1.2 mi,00:04:53,03:23:19,56 mi,00:03:29,02:10:29,13.1 mi,06:23:29
Mark Pickens,1128,89,1395,1281,50-54,55,CA,USA,---,1488,00:41:32,1.2 mi,00:11:23,03:18:07,56 mi,00:04:34,02:07:57,13.1 mi,06:23:33
Paul Allegretti,1129,140,1396,2299,45-49,51,CT,USA,---,1281,00:48:08,1.2 mi,00:07:30,03:20:55,56 mi,00:04:49,02:02:15,13.1 mi,06:23:37
Jeff Allison,1130,90,1397,1240,50-54,54,CA,USA,---,1485,00:44:46,1.2 mi,00:08:57,03:04:54,56 mi,00:06:45,02:18:22,13.1 mi,06:23:44
Chad Firetag,1131,228,1398,241,35-39,39,CA,USA,---,1210,00:43:37,1.2 mi,00:04:43,02:59:36,56 mi,00:03:51,02:32:08,13.1 mi,06:23:55
Gaby Larrea,268,35,1399,1869,25-29,32,---,USA,---,1980,00:45:19,1.2 mi,00:08:03,03:09:58,56 mi,00:07:22,02:13:15,13.1 mi,06:23:57
Stacy Sauls,269,32,1400,1807,45-49,53,CA,USA,---,2129,00:37:52,1.2 mi,00:05:43,03:12:33,56 mi,00:03:06,02:24:46,13.1 mi,06:24:00
Shawn Oneill,1132,263,1401,1022,40-44,47,CA,USA,---,1242,00:43:06,1.2 mi,00:07:17,03:08:58,56 mi,00:03:35,02:21:12,13.1 mi,06:24:08
Ernie Gonzalez,1133,229,1402,264,35-39,41,CA,USA,---,1201,00:35:19,1.2 mi,00:04:47,03:11:14,56 mi,00:05:28,02:27:37,13.1 mi,06:24:25
Nestor Martin Caniza,1134,91,1403,1251,50-54,54,CA,USA,---,1472,00:43:27,1.2 mi,00:06:12,03:04:46,56 mi,00:03:16,02:26:44,13.1 mi,06:24:25
Angie Bastl,270,43,1404,1577,40-44,44,CA,USA,---,2041,00:44:08,1.2 mi,00:04:41,03:24:26,56 mi,00:05:11,02:05:59,13.1 mi,06:24:25
Chip Marasco,1135,264,1405,973,40-44,44,CA,USA,---,1236,00:48:25,1.2 mi,00:10:12,03:14:21,56 mi,00:05:20,02:06:10,13.1 mi,06:24:28
Martin Quinn,1136,173,1406,2827,30-34,37,CA,GBR,---,1254,00:53:17,1.2 mi,00:08:02,03:08:39,56 mi,00:07:25,02:07:13,13.1 mi,06:24:36
Marie Schnyer,271,44,1407,1668,40-44,45,CA,USA,---,2036,00:43:44,1.2 mi,00:06:35,03:21:10,56 mi,00:02:41,02:10:30,13.1 mi,06:24:40
Roger Paull,1137,174,1408,2816,30-34,35,CA,USA,---,1253,00:49:14,1.2 mi,00:05:11,03:15:43,56 mi,00:03:38,02:10:54,13.1 mi,06:24:40
Lars Tandrup,1138,265,1409,1122,40-44,48,CA,USA,---,1232,00:44:21,1.2 mi,00:09:29,03:09:26,56 mi,00:05:59,02:15:29,13.1 mi,06:24:44
Amy Black,272,61,1410,2151,30-34,35,CA,USA,---,1721,00:41:31,1.2 mi,00:08:41,03:10:30,56 mi,00:05:35,02:18:45,13.1 mi,06:25:02
Marycarla Erausquin,273,62,1411,2172,30-34,38,CA,USA,---,1721,00:42:06,1.2 mi,00:04:30,03:27:42,56 mi,00:02:22,02:08:22,13.1 mi,06:25:02
Suzanne Coulson,274,45,1412,1593,40-44,47,CA,USA,---,2028,00:39:13,1.2 mi,00:09:22,03:39:04,56 mi,00:04:47,01:52:41,13.1 mi,06:25:07
Julia Jankot,275,63,1413,2202,30-34,37,CA,USA,---,1718,00:47:09,1.2 mi,00:05:15,03:23:50,56 mi,00:02:26,02:06:32,13.1 mi,06:25:12
Joey Bryan,1139,266,1414,751,40-44,47,CA,USA,---,1222,00:45:52,1.2 mi,00:11:25,03:21:29,56 mi,00:05:31,02:00:58,13.1 mi,06:25:15
Rene Raagas,1140,175,1415,2828,30-34,38,CA,USA,---,1241,00:52:07,1.2 mi,00:06:00,03:20:50,56 mi,00:05:03,02:01:21,13.1 mi,06:25:21
Jason Rich,1141,230,1416,427,35-39,43,CA,USA,---,1182,00:42:08,1.2 mi,00:08:34,03:07:27,56 mi,00:03:52,02:23:27,13.1 mi,06:25:28
Pete Mazeika,1142,92,1417,1320,50-54,55,UT,USA,---,1452,00:48:28,1.2 mi,00:06:57,03:15:16,56 mi,00:04:42,02:10:11,13.1 mi,06:25:34
Jim Howey,1143,267,1418,906,40-44,46,---,USA,---,1216,00:44:14,1.2 mi,00:13:10,03:12:12,56 mi,00:06:45,02:09:14,13.1 mi,06:25:35
Edward Mears,1144,268,1419,993,40-44,44,AZ,USA,---,1216,00:49:00,1.2 mi,00:07:59,03:09:49,56 mi,00:05:23,02:13:24,13.1 mi,06:25:35
Frank Asuncion,1145,269,1420,710,40-44,45,CA,USA,---,1213,00:54:05,1.2 mi,00:12:14,02:56:56,56 mi,00:06:47,02:15:44,13.1 mi,06:25:46
Noah Lang,1146,231,1421,325,35-39,39,CA,USA,---,1176,00:45:02,1.2 mi,00:08:14,03:29:33,56 mi,00:05:49,01:57:11,13.1 mi,06:25:49
Norma Glaser,276,33,1422,1748,45-49,52,CA,USA,---,2096,01:02:24,1.2 mi,00:08:25,04:03:36,56 mi,00:06:23,01:05:03,13.1 mi,06:25:51
Rick Summers,1147,5,1423,1551,65-69,69,CA,USA,---,2361,00:49:58,1.2 mi,00:07:57,03:08:03,56 mi,00:05:19,02:14:36,13.1 mi,06:25:53
Angela Schatz,277,34,1424,1808,45-49,49,CA,USA,---,2095,00:48:04,1.2 mi,00:05:05,03:13:12,56 mi,00:03:10,02:16:25,13.1 mi,06:25:56
Jim Wright,1148,141,1425,2604,45-49,51,CA,USA,---,1239,00:45:36,1.2 mi,00:07:30,03:13:38,56 mi,00:03:53,02:15:19,13.1 mi,06:25:56
Leland Elton,1149,176,1426,2692,30-34,35,CA,USA,---,1229,00:43:22,1.2 mi,00:08:43,03:19:48,56 mi,00:03:57,02:10:09,13.1 mi,06:25:59
Manuel Silva,1150,142,1427,2545,45-49,51,---,MEX,---,1235,00:56:07,1.2 mi,00:04:33,03:16:51,56 mi,00:04:43,02:03:54,13.1 mi,06:26:08
Kristi Bronkan,278,46,1428,1706,40-44,46,CO,USA,---,2009,00:44:12,1.2 mi,00:06:53,03:28:57,56 mi,00:03:17,02:02:50,13.1 mi,06:26:09
Barbara Nelson,279,35,1429,1793,45-49,51,ID,USA,---,2089,00:46:20,1.2 mi,00:05:45,03:10:24,56 mi,00:03:28,02:20:17,13.1 mi,06:26:14
Steven Clements,1151,143,1430,2354,45-49,50,CA,USA,---,1232,00:42:57,1.2 mi,00:09:11,03:12:19,56 mi,00:06:25,02:15:27,13.1 mi,06:26:19
Kristine Finlay,280,36,1431,1744,45-49,50,CA,USA,---,2087,00:39:40,1.2 mi,00:07:21,03:20:52,56 mi,00:04:34,02:13:53,13.1 mi,06:26:20
Vanessa Muck,281,53,1432,2076,35-39,43,CA,USA,---,1729,00:41:59,1.2 mi,00:07:18,03:25:25,56 mi,00:03:56,02:07:42,13.1 mi,06:26:20
Martha Szufnarowski,282,37,1433,1815,45-49,51,CA,USA,---,2087,00:42:51,1.2 mi,00:06:02,03:17:28,56 mi,00:02:27,02:17:35,13.1 mi,06:26:23
William Weinstein,1152,232,1434,494,35-39,40,CA,USA,---,1165,00:51:11,1.2 mi,00:10:34,03:16:41,56 mi,00:05:49,02:02:11,13.1 mi,06:26:26
Andrew Margolin,1153,144,1435,2468,45-49,52,CA,USA,---,1230,00:44:47,1.2 mi,00:05:19,03:14:16,56 mi,00:03:34,02:18:31,13.1 mi,06:26:27
John Murray,1154,93,1436,1372,50-54,58,FL,USA,---,1436,00:28:32,1.2 mi,00:05:40,03:02:18,56 mi,00:05:40,02:44:18,13.1 mi,06:26:28
Bjorn Svensson,1155,145,1437,2561,45-49,49,CA,USA,---,1228,00:50:41,1.2 mi,00:08:03,03:26:34,56 mi,00:03:57,01:57:18,13.1 mi,06:26:33
Gary Sowell,1156,50,1438,1498,55-59,63,CA,USA,---,1872,00:39:25,1.2 mi,00:04:56,03:22:51,56 mi,00:03:15,02:16:10,13.1 mi,06:26:37
Kevin Kelly,1157,146,1439,2444,45-49,51,AR,USA,---,1226,00:37:37,1.2 mi,00:06:30,03:16:00,56 mi,00:03:55,02:22:38,13.1 mi,06:26:40
Jim Martell,1158,270,1440,974,40-44,47,CA,USA,---,1196,00:51:16,1.2 mi,00:06:35,03:05:46,56 mi,00:05:36,02:17:29,13.1 mi,06:26:42
Katherine Merk,283,36,1441,1874,25-29,29,CA,USA,---,1931,00:38:14,1.2 mi,00:07:41,03:37:11,56 mi,00:05:10,01:58:26,13.1 mi,06:26:42
Kandis Reiley,284,54,1442,2093,35-39,40,CA,USA,---,1722,00:49:02,1.2 mi,00:12:04,03:30:30,56 mi,00:05:25,01:49:42,13.1 mi,06:26:43
Richard Dirmantas,1159,233,1443,221,35-39,38,AZ,USA,---,1158,00:44:48,1.2 mi,00:05:30,03:13:46,56 mi,00:02:44,02:20:02,13.1 mi,06:26:50
Patrick George,1160,271,1444,862,40-44,---,VA,USA,---,1192,00:51:04,1.2 mi,00:11:58,03:17:57,56 mi,00:06:26,01:59:32,13.1 mi,06:26:57
Paul Garcia,1161,234,1445,251,35-39,40,CA,USA,---,1154,00:47:02,1.2 mi,00:11:08,03:19:13,56 mi,00:05:04,02:04:36,13.1 mi,06:27:03
Sue Harmon,285,1,1446,1978,60-64,66,CA,USA,---,3500,00:45:36,1.2 mi,00:07:55,03:16:32,56 mi,00:03:55,02:13:08,13.1 mi,06:27:06
Sean Bakey,1162,93,1447,560,25-29,29,CA,USA,---,1218,00:37:01,1.2 mi,00:08:34,03:22:57,56 mi,00:05:20,02:13:15,13.1 mi,06:27:07
Geoff Sage,1163,94,1448,1354,50-54,56,---,USA,---,1424,00:48:57,1.2 mi,00:11:10,03:05:59,56 mi,00:05:23,02:15:38,13.1 mi,06:27:07
Howard Wang,1164,235,1449,491,35-39,41,CA,USA,---,1150,00:44:04,1.2 mi,00:04:52,02:57:47,56 mi,00:05:28,02:35:04,13.1 mi,06:27:15
Cheryl Kellond,286,47,1450,1622,40-44,46,CA,USA,---,1988,00:48:12,1.2 mi,00:13:48,03:09:33,56 mi,00:04:38,02:11:08,13.1 mi,06:27:19
Jim Domen,1165,236,1451,223,35-39,42,CA,USA,---,1147,00:47:54,1.2 mi,00:05:16,03:05:27,56 mi,00:02:52,02:25:56,13.1 mi,06:27:25
Mitch Straub,1166,272,1452,1116,40-44,48,CA,USA,---,1182,00:48:12,1.2 mi,00:10:46,03:12:11,56 mi,00:04:52,02:11:27,13.1 mi,06:27:28
Carlos Alberto Gutierrez Cervantes,1167,177,1453,2723,30-34,35,---,MEX,---,1203,00:45:25,1.2 mi,00:06:26,03:44:14,56 mi,00:02:33,01:48:50,13.1 mi,06:27:28
Matt Borschke,1168,178,1454,2639,30-34,34,AZ,USA,---,1202,00:41:54,1.2 mi,00:08:11,03:12:37,56 mi,00:05:37,02:19:10,13.1 mi,06:27:29
Jaime Martinez Merla,1169,273,1455,976,40-44,47,---,MEX,---,1181,00:49:41,1.2 mi,00:09:07,03:24:39,56 mi,00:04:50,01:59:15,13.1 mi,06:27:32
Zak Graff,1170,237,1456,267,35-39,40,CA,USA,---,1144,01:00:43,1.2 mi,00:07:38,03:07:50,56 mi,00:03:42,02:07:42,13.1 mi,06:27:35
Glenn Cunningham,1171,274,1457,795,40-44,48,CA,USA,---,1175,00:38:54,1.2 mi,00:04:23,03:13:50,56 mi,00:05:09,02:25:38,13.1 mi,06:27:54
Al Girard,1172,275,1458,868,40-44,46,CA,USA,---,1169,00:45:57,1.2 mi,00:08:03,03:10:07,56 mi,00:05:41,02:18:26,13.1 mi,06:28:14
Leanne Crosby,287,55,1459,2013,35-39,39,NV,USA,---,1693,00:48:51,1.2 mi,00:06:36,03:26:11,56 mi,00:04:18,02:02:25,13.1 mi,06:28:21
Wayne Young,1173,23,1460,1512,60-64,64,UT,USA,---,2125,00:47:35,1.2 mi,00:10:55,03:06:42,56 mi,00:04:56,02:18:16,13.1 mi,06:28:24
Steve Ebert,1174,276,1461,820,40-44,46,UT,USA,---,1165,00:47:53,1.2 mi,00:10:57,03:21:18,56 mi,00:05:49,02:02:29,13.1 mi,06:28:26
Jennifer Tate,288,48,1462,1685,40-44,45,CA,USA,---,1967,00:47:06,1.2 mi,00:10:44,03:17:15,56 mi,00:05:38,02:07:46,13.1 mi,06:28:29
Leslie Bales,289,38,1463,1803,45-49,52,CA,USA,---,2048,00:41:41,1.2 mi,00:09:38,03:15:08,56 mi,00:05:55,02:16:11,13.1 mi,06:28:33
Patrick Mahoney,1175,277,1464,969,40-44,46,TN,USA,---,1163,00:47:53,1.2 mi,00:05:08,03:16:15,56 mi,00:13:26,02:05:52,13.1 mi,06:28:34
Chris Royston,1176,147,1465,2528,45-49,49,CA,USA,---,1190,00:39:40,1.2 mi,00:05:58,03:11:35,56 mi,00:04:55,02:26:31,13.1 mi,06:28:39
Brett Faruzzi,1177,179,1466,2697,30-34,37,CA,USA,---,1177,00:43:18,1.2 mi,00:08:25,03:24:41,56 mi,00:03:51,02:08:38,13.1 mi,06:28:53
Nick Ence,1178,180,1467,2693,30-34,37,UT,USA,---,1177,00:46:22,1.2 mi,00:07:48,03:17:55,56 mi,00:03:33,02:13:16,13.1 mi,06:28:54
Jessica Knust,290,64,1468,2210,30-34,35,CA,USA,---,1652,00:37:24,1.2 mi,00:04:56,03:19:23,56 mi,00:03:37,02:23:35,13.1 mi,06:28:55
Stephanie Robins,291,20,1469,1954,50-54,55,CA,USA,---,1982,---,1.2 mi,01:04:09,03:09:19,56 mi,00:05:25,02:10:04,13.1 mi,06:28:57
Paul Grover,1179,278,1470,880,40-44,45,CA,USA,---,1155,00:35:24,1.2 mi,00:08:25,03:17:05,56 mi,00:07:11,02:20:54,13.1 mi,06:28:59
Samara Silverman,292,65,1471,2249,30-34,35,CA,USA,---,1650,00:34:54,1.2 mi,00:08:27,03:35:52,56 mi,00:06:45,02:03:02,13.1 mi,06:29:00
Dennis Lefbom,1180,148,1472,2454,45-49,51,CA,USA,---,1184,00:39:37,1.2 mi,00:05:52,03:34:48,56 mi,00:02:32,02:06:11,13.1 mi,06:29:00
Andis Luters,1181,95,1473,1273,50-54,55,CA,USA,---,1389,00:34:23,1.2 mi,00:05:48,02:58:09,56 mi,00:05:20,02:45:22,13.1 mi,06:29:02
Crescantino Azcueta,1182,96,1474,1182,50-54,54,CA,USA,---,1384,00:39:39,1.2 mi,00:08:59,03:14:33,56 mi,00:05:50,02:20:19,13.1 mi,06:29:20
Jason Leake,1183,238,1475,330,35-39,42,CA,USA,---,1108,00:37:15,1.2 mi,00:06:55,03:16:27,56 mi,00:05:32,02:23:27,13.1 mi,06:29:36
Catherine Rendel,293,56,1476,2094,35-39,41,NV,USA,---,1669,00:49:18,1.2 mi,00:08:46,03:19:08,56 mi,00:04:08,02:08:19,13.1 mi,06:29:39
Ryan Stokes,1184,239,1477,465,35-39,40,AZ,USA,---,1107,00:43:45,1.2 mi,00:06:47,03:07:46,56 mi,00:06:15,02:25:07,13.1 mi,06:29:40
Thomas Strickler,1185,97,1478,1227,50-54,54,CA,USA,---,1378,00:40:23,1.2 mi,00:06:40,03:25:27,56 mi,00:04:58,02:12:13,13.1 mi,06:29:41
Janet Torres,294,57,1479,2120,35-39,42,CA,USA,---,1666,00:46:51,1.2 mi,00:12:44,03:30:05,56 mi,00:05:10,01:54:59,13.1 mi,06:29:49
Jacinto Zavala,1186,279,1480,1175,40-44,45,CA,USA,---,1137,00:46:06,1.2 mi,00:09:13,03:21:31,56 mi,00:05:00,02:08:10,13.1 mi,06:30:00
Bruce Macdonald,1187,51,1481,1408,55-59,59,CA,USA,---,1811,00:34:16,1.2 mi,00:08:54,03:14:37,56 mi,00:05:43,02:26:30,13.1 mi,06:30:00
Timothy Zohr,1188,94,1482,697,25-29,33,CA,USA,---,1166,00:45:14,1.2 mi,00:06:31,03:20:41,56 mi,00:04:32,02:13:04,13.1 mi,06:30:02
Paul Kelly,1189,280,1483,929,40-44,44,AZ,USA,---,1136,00:52:45,1.2 mi,00:12:00,03:07:49,56 mi,00:09:52,02:07:38,13.1 mi,06:30:04
Kelsey Granquist,295,4,1484,1712,18-24,27,---,USA,---,2273,00:37:16,1.2 mi,00:07:28,03:22:56,56 mi,00:05:32,02:16:55,13.1 mi,06:30:07
Jeff Burton,1190,181,1485,2649,30-34,35,CA,USA,---,1155,00:39:32,1.2 mi,00:10:06,03:28:27,56 mi,00:06:58,02:05:04,13.1 mi,06:30:07
Karen Vollan,296,49,1486,1696,40-44,47,NV,USA,---,1937,00:39:07,1.2 mi,00:06:41,03:14:38,56 mi,00:03:39,02:26:04,13.1 mi,06:30:09
Michael Mroz,1191,24,1487,535,18-24,26,IL,USA,---,1485,00:48:02,1.2 mi,00:08:06,03:29:02,56 mi,00:04:21,02:01:02,13.1 mi,06:30:33
Pete Doplito,1192,149,1488,2378,45-49,49,CA,USA,---,1156,00:48:04,1.2 mi,00:09:30,03:16:41,56 mi,00:06:16,02:10:03,13.1 mi,06:30:34
Gert Bralten,1193,281,1489,745,40-44,44,---,NLD,---,1126,00:44:52,1.2 mi,00:09:26,03:04:44,56 mi,00:09:08,02:22:27,13.1 mi,06:30:37
Julie Buchwald,297,58,1490,2006,35-39,---,CA,USA,---,1651,00:38:07,1.2 mi,00:11:04,03:32:41,56 mi,00:06:28,02:02:19,13.1 mi,06:30:39
Asia Simonelli,298,37,1491,1889,25-29,33,CA,USA,---,1859,00:45:55,1.2 mi,00:09:14,03:35:01,56 mi,00:04:43,01:55:48,13.1 mi,06:30:41
Gabriela Apaez,299,66,1492,2142,30-34,35,Benito Juarez,MEX,---,1620,00:41:58,1.2 mi,00:05:16,03:29:38,56 mi,00:03:21,02:10:28,13.1 mi,06:30:41
Sergey Egorov,1194,98,1493,1365,50-54,58,CA,USA,---,1358,00:50:57,1.2 mi,00:08:02,03:21:21,56 mi,00:05:05,02:05:23,13.1 mi,06:30:48
Jeff Gerardi,1195,150,1494,2409,45-49,50,CA,USA,---,1151,00:48:29,1.2 mi,00:05:06,03:18:00,56 mi,00:03:08,02:16:07,13.1 mi,06:30:50
David Willis,1196,151,1495,2599,45-49,50,CA,USA,---,1151,00:44:20,1.2 mi,00:04:50,03:14:20,56 mi,00:02:51,02:24:30,13.1 mi,06:30:51
Jamie Mcshane,1197,240,1496,361,35-39,39,---,USA,---,1084,00:44:00,1.2 mi,00:05:38,02:56:58,56 mi,00:03:11,02:41:08,13.1 mi,06:30:55
Brian Thompson,1198,241,1497,473,35-39,41,CA,USA,---,1084,00:35:52,1.2 mi,00:04:30,03:17:02,56 mi,00:04:24,02:29:08,13.1 mi,06:30:56
Erin Curtis,300,67,1498,2168,30-34,38,CA,USA,---,1614,00:35:44,1.2 mi,00:09:22,03:38:30,56 mi,00:05:21,02:02:04,13.1 mi,06:31:01
Kevin Beverly,1199,242,1499,166,35-39,40,CA,USA,---,1079,00:37:25,1.2 mi,00:06:00,03:21:30,56 mi,00:03:40,02:22:36,13.1 mi,06:31:11
Mark Fitzgerald,1200,99,1500,1193,50-54,54,CA,USA,---,1350,00:37:53,1.2 mi,00:06:59,03:02:15,56 mi,00:05:00,02:39:07,13.1 mi,06:31:14
John Wagner,1201,182,1501,2889,30-34,35,TX,USA,---,1134,00:44:27,1.2 mi,00:05:55,03:24:28,56 mi,00:06:34,02:09:52,13.1 mi,06:31:16
Dan Griffith,1202,183,1502,2720,30-34,38,CA,USA,---,1133,00:42:15,1.2 mi,00:08:48,03:24:01,56 mi,00:05:01,02:11:16,13.1 mi,06:31:21
Kristen Alexander,301,59,1503,1991,35-39,42,CA,USA,---,1637,00:44:17,1.2 mi,00:07:12,03:36:22,56 mi,00:04:19,01:59:18,13.1 mi,06:31:28
Simon Vainer,1203,152,1504,2581,45-49,50,CA,USA,---,1136,00:44:36,1.2 mi,00:10:55,03:25:53,56 mi,00:05:36,02:04:41,13.1 mi,06:31:41
Mary Perkins,302,7,1505,2284,55-59,59,IL,USA,---,2366,00:42:15,1.2 mi,00:07:40,03:20:22,56 mi,00:05:56,02:16:00,13.1 mi,06:32:13
Drew Robinson,1204,95,1506,663,25-29,30,UT,USA,---,1125,00:49:08,1.2 mi,00:06:13,03:07:36,56 mi,00:05:57,02:23:23,13.1 mi,06:32:17
Alan Mariconda,1205,52,1507,1437,55-59,60,CA,USA,---,1770,00:38:36,1.2 mi,00:12:13,03:26:48,56 mi,00:11:43,02:02:58,13.1 mi,06:32:18
Roy Valadez,1206,53,1508,1420,55-59,58,CA,USA,---,1767,00:31:39,1.2 mi,00:04:44,02:48:44,56 mi,00:02:21,03:04:59,13.1 mi,06:32:27
Erin Machan,303,38,1509,1871,25-29,32,CA,USA,---,1826,00:43:27,1.2 mi,00:06:24,03:12:30,56 mi,00:05:00,02:25:10,13.1 mi,06:32:31
Tina Daly,304,60,1510,2015,35-39,40,CA,USA,---,1617,00:36:08,1.2 mi,00:04:57,03:41:20,56 mi,00:04:34,02:05:34,13.1 mi,06:32:33
Josh Martell,1207,25,1511,533,18-24,25,CA,USA,---,1447,00:43:50,1.2 mi,00:08:12,02:50:09,56 mi,00:05:30,02:45:01,13.1 mi,06:32:42
Brad Vaughan,1208,282,1512,1141,40-44,47,CA,USA,---,1086,00:47:52,1.2 mi,00:08:41,03:18:06,56 mi,00:04:10,02:14:00,13.1 mi,06:32:49
Dylan Tanner,1209,153,1513,2568,45-49,40,---,GBR,---,1114,00:35:23,1.2 mi,00:09:18,03:27:28,56 mi,00:06:21,02:14:22,13.1 mi,06:32:52
Chris Flynn,1210,184,1514,2702,30-34,37,CA,USA,---,1103,00:56:16,1.2 mi,00:07:56,03:17:18,56 mi,00:03:08,02:08:21,13.1 mi,06:32:59
Stephen Montoya,1211,100,1515,1208,50-54,54,CA,USA,---,1318,01:10:32,1.2 mi,00:07:27,03:07:17,56 mi,00:03:31,02:04:14,13.1 mi,06:33:01
Sam Fong,1212,185,1516,2704,30-34,37,CA,USA,---,1103,00:49:04,1.2 mi,00:06:58,03:12:44,56 mi,00:04:32,02:19:44,13.1 mi,06:33:02
Lainie Yarris,305,61,1517,2136,35-39,40,OR,USA,---,1607,00:35:17,1.2 mi,00:05:00,03:34:14,56 mi,00:03:35,02:15:00,13.1 mi,06:33:06
Jacob Perkins,1213,243,1518,399,35-39,41,WA,USA,---,1039,00:57:46,1.2 mi,00:06:42,03:08:58,56 mi,00:05:11,02:14:48,13.1 mi,06:33:25
Tammy Lamb,306,50,1519,1629,40-44,47,CA,USA,---,1877,00:47:19,1.2 mi,00:09:06,02:52:46,56 mi,00:04:36,02:39:42,13.1 mi,06:33:29
Margaret Human,307,39,1520,1758,45-49,52,CA,USA,---,1958,00:55:06,1.2 mi,00:07:42,03:19:54,56 mi,00:05:56,02:04:53,13.1 mi,06:33:31
Scott Gaudet,1214,244,1521,257,35-39,38,MA,USA,---,1037,00:43:16,1.2 mi,00:06:26,03:20:38,56 mi,00:03:19,02:19:54,13.1 mi,06:33:33
Jerry Loftin,1215,154,1522,2464,45-49,50,CA,USA,---,1101,00:47:45,1.2 mi,00:12:12,03:26:16,56 mi,00:05:47,02:01:35,13.1 mi,06:33:35
Brian Yau,1216,186,1523,2913,30-34,35,CA,USA,---,1092,01:05:02,1.2 mi,00:09:24,03:13:41,56 mi,00:03:42,02:01:49,13.1 mi,06:33:38
Dr Amine Ale-Ali,1217,187,1524,2614,30-34,36,CA,USA,---,1091,00:42:25,1.2 mi,00:09:25,03:16:11,56 mi,00:02:36,02:23:02,13.1 mi,06:33:39
Alex Sakhartchouk,1218,188,1525,2850,30-34,35,CA,USA,---,1088,00:55:51,1.2 mi,00:05:37,03:10:51,56 mi,00:04:40,02:16:53,13.1 mi,06:33:52
Barbara Mezaki,308,40,1526,1788,45-49,53,---,USA,---,1949,00:45:50,1.2 mi,00:11:57,03:32:02,56 mi,00:04:34,01:59:40,13.1 mi,06:34:03
David Frankel,1219,245,1527,244,35-39,41,NJ,USA,---,1026,00:35:36,1.2 mi,00:05:34,03:00:52,56 mi,00:04:45,02:47:23,13.1 mi,06:34:10
Emily Smith,309,62,1528,2107,35-39,42,CO,USA,---,1586,00:51:21,1.2 mi,00:05:55,03:25:34,56 mi,00:02:55,02:08:31,13.1 mi,06:34:16
William Drinnin,1220,283,1529,814,40-44,44,CA,USA,---,1059,00:49:22,1.2 mi,00:06:02,03:20:28,56 mi,00:03:36,02:14:51,13.1 mi,06:34:19
Julie Mueller,310,68,1530,2231,30-34,36,AZ,USA,---,1553,00:43:35,1.2 mi,00:06:27,03:20:26,56 mi,00:03:18,02:20:36,13.1 mi,06:34:22
Christopher Quirk,1221,246,1531,414,35-39,41,---,USA,---,1022,00:51:54,1.2 mi,00:06:06,03:21:36,56 mi,00:06:13,02:08:34,13.1 mi,06:34:23
Bryan Diaz,1222,189,1532,2681,30-34,37,CA,USA,---,1077,00:49:24,1.2 mi,00:04:58,03:28:50,56 mi,00:02:07,02:09:08,13.1 mi,06:34:27
Courtney Cleary,311,39,1533,1846,25-29,32,CA,USA,---,1790,00:38:34,1.2 mi,00:09:46,03:37:56,56 mi,00:03:58,02:04:19,13.1 mi,06:34:33
Richwood Borja,1223,247,1534,174,35-39,42,CA,USA,---,1016,00:57:50,1.2 mi,00:07:27,03:38:44,56 mi,00:05:21,01:45:19,13.1 mi,06:34:41
Don Parks,1224,284,1535,1038,40-44,47,---,USA,---,1051,00:42:28,1.2 mi,00:06:46,03:08:48,56 mi,00:05:10,02:31:33,13.1 mi,06:34:45
Margaret Mackey,312,8,1536,2282,55-59,59,CA,USA,---,2320,00:40:42,1.2 mi,00:09:01,03:12:56,56 mi,00:04:06,02:28:03,13.1 mi,06:34:48
Craig Nielsen,1225,101,1537,1209,50-54,54,UT,USA,---,1285,00:49:24,1.2 mi,00:08:56,03:05:02,56 mi,00:06:58,02:24:30,13.1 mi,06:34:50
Diane Anderson,313,9,1538,2269,55-59,61,CA,USA,---,2319,00:52:56,1.2 mi,00:06:56,03:22:03,56 mi,00:03:10,02:09:46,13.1 mi,06:34:51
Andrea Hacker-Thompson,314,63,1539,2026,35-39,39,CA,USA,---,1575,00:39:17,1.2 mi,00:07:45,03:34:35,56 mi,00:02:45,02:10:30,13.1 mi,06:34:52
Ray Hufnagel,1226,285,1540,908,40-44,47,CA,USA,---,1046,00:43:31,1.2 mi,00:07:48,03:32:45,56 mi,00:04:31,02:06:27,13.1 mi,06:35:02
Jeff Klein,1227,286,1541,937,40-44,48,CA,USA,---,1042,00:39:52,1.2 mi,00:07:31,03:23:15,56 mi,00:05:13,02:19:26,13.1 mi,06:35:17
David Patriquin,1228,54,1542,1493,55-59,62,AZ,USA,---,1716,00:46:00,1.2 mi,00:07:03,03:28:35,56 mi,00:02:54,02:10:47,13.1 mi,06:35:19
Ed Korthof,1229,248,1543,319,35-39,41,CA,USA,---,1004,00:47:38,1.2 mi,00:09:29,03:12:12,56 mi,00:05:52,02:20:10,13.1 mi,06:35:21
James Gilb,1230,155,1544,2411,45-49,51,CA,USA,---,1068,00:38:41,1.2 mi,00:07:43,03:12:37,56 mi,00:03:18,02:33:08,13.1 mi,06:35:27
Jason Zdenek,1231,190,1545,2915,30-34,38,CA,USA,---,1059,00:37:07,1.2 mi,00:07:49,03:28:37,56 mi,00:03:57,02:17:57,13.1 mi,06:35:27
Christopher Milton,1232,102,1546,1207,50-54,53,CA,USA,---,1273,00:45:21,1.2 mi,00:09:11,03:20:06,56 mi,00:04:11,02:16:40,13.1 mi,06:35:29
Dennis Bott,1233,287,1547,742,40-44,47,CA,USA,---,1036,00:44:38,1.2 mi,00:07:04,03:24:45,56 mi,00:04:19,02:14:49,13.1 mi,06:35:35
Richard Spjut,1234,96,1548,680,25-29,33,CA,USA,---,1063,00:37:28,1.2 mi,00:04:55,03:17:59,56 mi,00:04:28,02:30:55,13.1 mi,06:35:45
Dennis Moyer,1235,156,1549,2488,45-49,53,CA,USA,---,1061,00:34:29,1.2 mi,00:07:18,03:20:40,56 mi,00:05:07,02:28:14,13.1 mi,06:35:48
Rominder Pujji,1236,103,1550,1352,50-54,57,CA,USA,---,1267,00:45:52,1.2 mi,00:06:09,03:11:28,56 mi,00:03:32,02:28:48,13.1 mi,06:35:49
Roisin Mac Mahon,315,21,1551,1938,50-54,57,CA,USA,---,1853,00:43:58,1.2 mi,00:06:59,03:34:52,56 mi,00:03:08,02:07:08,13.1 mi,06:36:05
Mark King,1237,288,1552,934,40-44,48,CA,USA,---,1026,00:47:52,1.2 mi,00:09:36,03:11:37,56 mi,00:03:18,02:23:46,13.1 mi,06:36:09
Natalie Morgan,316,64,1553,2074,35-39,42,CA,USA,---,1551,00:50:27,1.2 mi,00:06:14,03:22:39,56 mi,00:02:23,02:14:31,13.1 mi,06:36:14
Daniel Harker,1238,289,1554,895,40-44,46,CA,USA,---,1023,00:41:30,1.2 mi,00:07:56,03:00:23,56 mi,00:06:12,02:40:17,13.1 mi,06:36:18
Armando Atienza,1239,191,1555,2625,30-34,36,CA,USA,---,1043,00:51:35,1.2 mi,00:05:26,03:14:56,56 mi,00:03:15,02:21:08,13.1 mi,06:36:20
Angel Perozo,1240,104,1556,1212,50-54,53,CA,USA,---,1258,00:48:02,1.2 mi,00:04:31,02:54:40,56 mi,00:03:55,02:45:13,13.1 mi,06:36:21
Jason Floyd,1241,290,1557,847,40-44,47,CA,USA,---,1022,00:47:53,1.2 mi,00:06:46,03:08:44,56 mi,00:07:39,02:25:21,13.1 mi,06:36:23
Manuel Madrazo,1242,291,1558,968,40-44,44,CA,USA,---,1018,00:44:57,1.2 mi,00:05:28,03:04:19,56 mi,00:02:57,02:38:54,13.1 mi,06:36:35
Danielle Morgan,317,51,1559,1646,40-44,44,CA,USA,---,1821,00:46:14,1.2 mi,00:07:00,03:26:19,56 mi,00:03:29,02:13:34,13.1 mi,06:36:36
Jeffrey Cutter,1243,292,1560,797,40-44,46,CA,USA,---,1018,00:49:35,1.2 mi,00:06:08,03:01:30,56 mi,00:05:48,02:33:36,13.1 mi,06:36:37
Spencer Lawes,1244,293,1561,951,40-44,48,---,USA,---,1016,00:39:39,1.2 mi,00:07:46,03:33:00,56 mi,00:05:12,02:11:04,13.1 mi,06:36:41
Romy Suzuki,318,22,1562,1966,50-54,54,CA,USA,---,1837,00:48:19,1.2 mi,00:08:40,03:30:23,56 mi,00:03:57,02:05:40,13.1 mi,06:36:59
Rodrigo Jauregui,1245,192,1563,2749,30-34,37,Guatemala,GTM,---,1031,00:53:05,1.2 mi,00:06:16,03:34:39,56 mi,00:04:35,01:58:25,13.1 mi,06:37:00
Michael Ellis,1246,294,1564,827,40-44,45,CA,USA,---,1009,00:41:40,1.2 mi,00:07:59,03:08:15,56 mi,00:06:00,02:33:12,13.1 mi,06:37:06
Ron Astle,1247,105,1565,1242,50-54,55,CA,USA,---,1241,00:50:02,1.2 mi,00:07:35,03:21:54,56 mi,00:04:23,02:13:22,13.1 mi,06:37:16
Steven Richards,1248,157,1566,2927,45-49,51,CA,USA,---,1035,00:37:56,1.2 mi,00:07:43,03:31:10,56 mi,00:04:23,02:16:05,13.1 mi,06:37:17
Brian Acosta,1249,295,1567,698,40-44,44,---,USA,---,1004,00:43:48,1.2 mi,00:04:53,03:10:01,56 mi,00:07:20,02:31:22,13.1 mi,06:37:24
Bernard Raemy,1250,158,1568,2510,45-49,50,CA,USA,---,1032,00:45:37,1.2 mi,00:07:39,03:20:11,56 mi,00:05:46,02:18:13,13.1 mi,06:37:26
Robert Schmerzler,1251,159,1569,2536,45-49,52,VA,USA,---,1031,00:38:46,1.2 mi,00:06:28,03:19:36,56 mi,00:03:04,02:29:35,13.1 mi,06:37:29
Roderick Sorensen,1252,296,1570,1108,40-44,46,CA,USA,---,993,00:46:42,1.2 mi,00:09:32,03:15:22,56 mi,00:03:43,02:22:41,13.1 mi,06:38:00
Adam Lutz,1253,249,1571,349,35-39,39,CA,USA,---,954,00:51:26,1.2 mi,00:07:42,03:25:18,56 mi,00:03:29,02:10:15,13.1 mi,06:38:10
Thomas Thai,1254,297,1572,1127,40-44,46,CA,USA,---,990,00:49:35,1.2 mi,00:10:09,03:21:24,56 mi,00:05:59,02:11:03,13.1 mi,06:38:10
David Vied,1255,106,1573,1329,50-54,55,CA,USA,---,1221,00:46:40,1.2 mi,00:06:45,03:11:33,56 mi,00:06:06,02:27:19,13.1 mi,06:38:23
Cathy Burns,319,41,1574,1727,45-49,52,CA,USA,---,1871,00:48:34,1.2 mi,00:06:27,03:24:46,56 mi,00:02:48,02:15:48,13.1 mi,06:38:23
Keavy Mcminn,320,65,1575,2069,35-39,39,CO,GBR,---,1512,00:47:21,1.2 mi,00:07:10,03:31:10,56 mi,00:06:43,02:06:00,13.1 mi,06:38:24
Tony Troccoli,1256,5,1576,107,PC,52,CA,USA,---,1890,01:11:42,1.2 mi,00:09:45,03:07:26,56 mi,00:06:07,02:03:32,13.1 mi,06:38:32
Craig Clark,1257,250,1577,196,35-39,39,CO,USA,---,944,00:42:46,1.2 mi,00:09:32,03:45:31,56 mi,00:07:17,01:53:35,13.1 mi,06:38:41
Andrew Asch,1258,251,1578,141,35-39,43,CA,USA,---,944,00:46:02,1.2 mi,00:06:36,03:19:13,56 mi,00:05:16,02:21:37,13.1 mi,06:38:44
Allen Kulwin,1259,55,1579,1474,55-59,62,AZ,USA,---,1646,00:47:55,1.2 mi,00:11:36,03:18:42,56 mi,00:05:56,02:15:02,13.1 mi,06:39:11
Stephen Germain,1260,298,1580,864,40-44,46,CA,USA,---,970,00:30:41,1.2 mi,00:07:00,03:49:04,56 mi,00:08:24,02:04:07,13.1 mi,06:39:16
Jennifer Luecht,321,66,1581,2060,35-39,42,CA,USA,---,1495,00:54:27,1.2 mi,00:09:24,03:18:50,56 mi,00:03:39,02:13:01,13.1 mi,06:39:21
Brett Burgess,1261,193,1582,2647,30-34,36,UT,USA,---,988,00:59:25,1.2 mi,00:07:10,03:05:52,56 mi,00:05:12,02:21:46,13.1 mi,06:39:25
Sheri Soldatke,322,52,1583,1676,40-44,44,CA,USA,---,1767,00:41:32,1.2 mi,00:05:07,03:38:47,56 mi,00:04:24,02:09:47,13.1 mi,06:39:37
Shad Chanley,1262,299,1584,774,40-44,43,CA,USA,---,963,00:46:17,1.2 mi,00:06:57,03:13:16,56 mi,00:03:16,02:29:54,13.1 mi,06:39:40
Deven Later,1263,194,1585,2764,30-34,34,TX,USA,---,980,00:47:29,1.2 mi,00:05:08,03:38:59,56 mi,00:04:21,02:03:52,13.1 mi,06:39:49
Robert Franco,1264,97,1586,609,25-29,32,MI,USA,---,985,00:43:39,1.2 mi,00:05:13,03:18:54,56 mi,00:03:29,02:28:51,13.1 mi,06:40:06
Sheila Carroll,323,67,1587,2009,35-39,39,MD,USA,---,1480,00:40:03,1.2 mi,00:09:27,03:44:36,56 mi,00:05:05,02:00:58,13.1 mi,06:40:09
Rick Jankowiak,1265,107,1588,1265,50-54,55,CO,USA,---,1186,00:41:09,1.2 mi,00:05:38,03:24:23,56 mi,00:04:27,02:24:42,13.1 mi,06:40:19
Heather Skoda,324,53,1589,1674,40-44,44,CA,USA,---,1752,00:43:48,1.2 mi,00:08:08,03:04:53,56 mi,00:07:03,02:36:35,13.1 mi,06:40:27
Cody Hosking,1266,26,1590,527,18-24,25,CA,USA,---,1307,00:38:31,1.2 mi,00:08:00,03:25:34,56 mi,00:04:45,02:23:38,13.1 mi,06:40:28
Brian Wach,1267,300,1591,1149,40-44,45,CA,USA,---,948,00:47:45,1.2 mi,00:08:08,03:23:33,56 mi,00:03:32,02:17:30,13.1 mi,06:40:28
Alisa Caldwell,325,69,1592,2159,30-34,34,AZ,USA,---,1444,00:43:18,1.2 mi,00:07:09,03:26:32,56 mi,00:03:48,02:19:41,13.1 mi,06:40:28
Tim Mclellan,1268,301,1593,989,40-44,48,CA,USA,---,948,00:48:58,1.2 mi,00:07:21,03:05:55,56 mi,00:04:35,02:33:41,13.1 mi,06:40:30
Stephanie Stevens,326,54,1594,1680,40-44,48,CO,USA,---,1748,00:42:23,1.2 mi,00:06:37,03:32:09,56 mi,00:04:52,02:14:41,13.1 mi,06:40:42
Jan Schmitt,1269,160,1595,2537,45-49,51,CA,USA,---,971,00:41:45,1.2 mi,00:10:56,03:24:26,56 mi,00:04:21,02:19:22,13.1 mi,06:40:50
Lawrence Nasella,1270,56,1596,1412,55-59,59,CA,USA,---,1610,00:39:55,1.2 mi,00:10:24,03:23:04,56 mi,00:04:49,02:22:59,13.1 mi,06:41:11
Lisa Lefner,327,68,1597,2056,35-39,43,CA,USA,---,1461,00:49:47,1.2 mi,00:04:49,03:13:47,56 mi,00:05:29,02:27:21,13.1 mi,06:41:13
Carin Levine,328,55,1598,1633,40-44,45,CA,USA,---,1738,00:50:34,1.2 mi,00:09:37,03:18:17,56 mi,00:06:50,02:15:57,13.1 mi,06:41:15
Waleed Mohammad,1271,252,1599,366,35-39,42,CA,USA,---,896,00:47:19,1.2 mi,00:08:32,03:21:24,56 mi,00:04:50,02:19:16,13.1 mi,06:41:21
Eddie Oddo,1272,253,1600,380,35-39,43,CA,USA,---,891,00:37:01,1.2 mi,00:06:22,03:37:21,56 mi,00:06:09,02:14:46,13.1 mi,06:41:39
Manuel Armijo,1273,302,1601,705,40-44,44,CA,USA,---,927,00:43:49,1.2 mi,00:07:35,03:17:42,56 mi,00:05:25,02:27:09,13.1 mi,06:41:40
Robert Lynch,1274,303,1602,967,40-44,46,CA,USA,---,924,00:42:00,1.2 mi,00:04:49,03:10:52,56 mi,00:05:16,02:38:51,13.1 mi,06:41:48
Justin Hilderbrand,1275,254,1603,288,35-39,40,CA,USA,---,887,00:41:41,1.2 mi,00:06:26,03:05:56,56 mi,00:05:14,02:42:35,13.1 mi,06:41:52
Steven Becker,1276,108,1604,1183,50-54,54,CA,USA,---,1158,00:44:50,1.2 mi,00:08:48,03:16:46,56 mi,00:04:36,02:26:52,13.1 mi,06:41:52
Patrick Callahan,1277,161,1605,2342,45-49,51,IL,USA,---,952,00:40:36,1.2 mi,00:08:43,03:16:43,56 mi,00:06:49,02:29:03,13.1 mi,06:41:54
Gary Lamb,1278,162,1606,2448,45-49,51,CA,USA,---,949,00:44:18,1.2 mi,00:06:51,03:26:30,56 mi,00:03:17,02:21:06,13.1 mi,06:42:02
Neal Aki,1279,109,1607,1298,50-54,55,CA,USA,---,1154,00:44:16,1.2 mi,00:09:06,03:13:26,56 mi,00:05:05,02:30:15,13.1 mi,06:42:08
Rob Reinhard,1280,110,1608,1217,50-54,53,CA,USA,---,1153,00:45:20,1.2 mi,00:18:47,03:20:55,56 mi,00:06:49,02:10:20,13.1 mi,06:42:11
Larry Mason,1281,111,1609,1347,50-54,57,CO,USA,---,1148,00:42:21,1.2 mi,00:09:50,03:14:26,56 mi,00:04:53,02:30:58,13.1 mi,06:42:28
David Brandt,1282,163,1610,2327,45-49,51,CA,USA,---,940,00:34:21,1.2 mi,00:07:08,03:45:42,56 mi,00:03:36,02:11:45,13.1 mi,06:42:32
Jacqueline Arbuckle,329,42,1611,1718,45-49,53,---,USA,---,1795,00:50:39,1.2 mi,00:07:47,03:36:25,56 mi,00:04:26,02:03:18,13.1 mi,06:42:35
Lorenzo Servitje,1283,98,1612,671,25-29,33,CA,USA,---,939,00:42:37,1.2 mi,00:09:05,03:16:59,56 mi,00:04:24,02:29:33,13.1 mi,06:42:38
Brian Knoll,1284,255,1613,316,35-39,43,CA,USA,---,872,00:44:19,1.2 mi,00:07:09,03:18:09,56 mi,00:05:03,02:28:02,13.1 mi,06:42:42
Sonya Quintanilla,330,56,1614,1658,40-44,44,OH,USA,---,1711,00:51:52,1.2 mi,00:05:45,03:12:51,56 mi,00:02:24,02:29:52,13.1 mi,06:42:44
Isaac Naor,1285,195,1615,2800,30-34,33,CA,USA,---,924,00:57:16,1.2 mi,00:04:18,03:14:21,56 mi,00:04:17,02:22:45,13.1 mi,06:42:57
Nicolas Veliz,1286,256,1616,490,35-39,39,CA,USA,---,867,00:48:26,1.2 mi,00:06:08,03:21:25,56 mi,00:03:46,02:23:13,13.1 mi,06:42:58
Beatrice Van Horne,331,2,1617,1981,60-64,64,OR,USA,---,3213,00:39:47,1.2 mi,00:08:40,03:18:20,56 mi,00:05:49,02:30:24,13.1 mi,06:43:00
Scott Morris,1287,164,1618,2486,45-49,49,CA,USA,---,929,00:44:24,1.2 mi,00:07:43,03:24:43,56 mi,00:04:23,02:21:56,13.1 mi,06:43:09
Mark Jackson,1288,112,1619,1263,50-54,55,CA,USA,---,1134,00:39:19,1.2 mi,00:05:57,03:09:40,56 mi,00:04:56,02:43:20,13.1 mi,06:43:12
Christopher Jackson,1289,57,1620,1402,55-59,58,NH,USA,---,1572,00:54:42,1.2 mi,00:06:42,03:17:07,56 mi,00:02:34,02:22:12,13.1 mi,06:43:17
Dave Hendsch,1290,6,1621,1546,65-69,68,CA,USA,---,2046,00:21:54,1.2 mi,00:10:23,03:35:46,56 mi,00:05:49,02:29:29,13.1 mi,06:43:21
Meredith Fishman,332,57,1622,1605,40-44,46,CA,USA,---,1700,00:56:22,1.2 mi,00:07:17,03:31:22,56 mi,00:04:42,02:03:38,13.1 mi,06:43:21
Cyrus Hoomani,1291,304,1623,902,40-44,44,CA,USA,---,896,00:46:18,1.2 mi,00:09:31,03:18:07,56 mi,00:03:12,02:26:14,13.1 mi,06:43:22
Kimberly Thomas,333,58,1624,1687,40-44,48,AZ,USA,---,1699,00:45:54,1.2 mi,00:07:27,03:21:52,56 mi,00:05:29,02:22:41,13.1 mi,06:43:23
Leslie Astle,334,23,1625,1905,50-54,56,CA,USA,---,1722,00:48:58,1.2 mi,00:09:11,03:25:10,56 mi,00:04:56,02:15:08,13.1 mi,06:43:23
Marion Quinones,335,59,1626,1657,40-44,46,CA,USA,---,1698,00:45:33,1.2 mi,00:09:44,03:16:12,56 mi,00:08:17,02:23:41,13.1 mi,06:43:27
Linda Kessman,336,24,1627,1931,50-54,56,CA,USA,---,1720,00:45:42,1.2 mi,00:08:23,03:44:22,56 mi,00:03:32,02:01:32,13.1 mi,06:43:31
John Knott,1292,305,1628,940,40-44,45,AZ,USA,---,893,00:40:07,1.2 mi,00:09:10,03:15:11,56 mi,00:11:12,02:27:52,13.1 mi,06:43:32
Donald Selway,1293,306,1629,1091,40-44,46,CA,USA,---,893,00:50:07,1.2 mi,00:06:20,03:17:19,56 mi,00:04:27,02:25:20,13.1 mi,06:43:33
Corey Gaarde,1294,257,1630,247,35-39,40,IL,USA,---,855,00:43:06,1.2 mi,00:06:57,03:23:29,56 mi,00:04:22,02:25:44,13.1 mi,06:43:38
Richard Dyrkacz,1295,99,1631,595,25-29,32,MB,CAN,---,921,00:52:44,1.2 mi,00:09:00,03:35:13,56 mi,00:06:47,01:59:54,13.1 mi,06:43:38
Patrick Thrush,1296,165,1632,2574,45-49,51,CA,USA,---,920,00:50:44,1.2 mi,00:08:44,03:34:38,56 mi,00:03:31,02:06:01,13.1 mi,06:43:38
Daniel Guess,1297,166,1633,2417,45-49,51,CA,USA,---,919,00:41:17,1.2 mi,00:07:50,03:00:02,56 mi,00:08:57,02:45:38,13.1 mi,06:43:44
Javier Pena de la Mora,1298,24,1634,1528,60-64,66,Intl State,MEX,---,1848,00:35:36,1.2 mi,00:04:55,03:10:07,56 mi,00:02:53,02:50:18,13.1 mi,06:43:49
Josh McKinley,1299,196,1635,2793,30-34,37,CO,USA,---,908,00:37:42,1.2 mi,00:05:53,03:14:40,56 mi,00:04:27,02:41:09,13.1 mi,06:43:51
Mary Stenroos,337,2,1636,123,45-49,52,WA,USA,---,1768,00:48:15,1.2 mi,00:04:28,03:21:53,56 mi,00:03:14,02:26:14,13.1 mi,06:44:04
Steve Cho,1300,167,1637,2351,45-49,50,CA,USA,---,912,00:51:34,1.2 mi,00:08:21,03:19:26,56 mi,00:03:25,02:21:20,13.1 mi,06:44:06
Dave Lampert,1301,58,1638,1405,55-59,58,CA,USA,---,1557,00:50:37,1.2 mi,00:07:08,03:13:11,56 mi,00:05:07,02:28:04,13.1 mi,06:44:07
Leah Haeber,338,43,1639,1785,45-49,50,---,USA,---,1763,00:44:07,1.2 mi,00:06:01,03:32:55,56 mi,00:03:24,02:17:53,13.1 mi,06:44:20
Diana Felker,339,60,1640,1604,40-44,48,PA,USA,---,1679,00:44:58,1.2 mi,00:07:25,03:31:14,56 mi,00:04:24,02:16:28,13.1 mi,06:44:29
Drew Andrews,1302,113,1641,1181,50-54,54,CA,USA,---,1111,00:40:56,1.2 mi,00:09:18,03:21:07,56 mi,00:08:19,02:24:51,13.1 mi,06:44:31
George Harb,1303,197,1642,2727,30-34,33,CA,USA,---,894,00:49:27,1.2 mi,00:08:18,03:34:49,56 mi,00:04:00,02:08:03,13.1 mi,06:44:37
Jason Daum,1304,307,1643,799,40-44,46,SK,CAN,---,873,00:49:24,1.2 mi,00:08:27,03:11:52,56 mi,00:10:28,02:24:29,13.1 mi,06:44:40
Jeffrey Parker,1305,308,1644,1037,40-44,44,AZ,USA,---,872,00:49:45,1.2 mi,00:05:56,03:24:44,56 mi,00:06:24,02:17:55,13.1 mi,06:44:44
James Rose,1306,114,1645,1221,50-54,53,CA,USA,---,1105,00:45:44,1.2 mi,00:10:44,03:07:09,56 mi,00:03:58,02:37:16,13.1 mi,06:44:51
Daniel Bergmann,1307,258,1646,163,35-39,43,CA,USA,---,832,00:41:45,1.2 mi,00:07:14,03:07:53,56 mi,00:08:06,02:39:58,13.1 mi,06:44:56
Bo (Turner) Smith,1308,168,1647,2550,45-49,49,CA,USA,---,896,00:46:09,1.2 mi,00:06:45,03:14:52,56 mi,00:04:40,02:32:32,13.1 mi,06:44:58
Michelle Veenstra,340,25,1648,1969,50-54,55,CA,USA,---,1688,00:45:40,1.2 mi,00:08:36,03:32:01,56 mi,00:02:48,02:16:11,13.1 mi,06:45:16
Janet Tsuji,341,10,1649,2292,55-59,58,CA,USA,---,2131,00:53:57,1.2 mi,00:12:30,03:14:41,56 mi,00:04:02,02:20:07,13.1 mi,06:45:17
Blake Finnila,1309,100,1650,602,25-29,31,CA,USA,---,890,00:31:09,1.2 mi,00:05:45,03:35:08,56 mi,00:06:02,02:27:16,13.1 mi,06:45:20
Lisa Roubicek,342,26,1651,1957,50-54,56,CA,USA,---,1686,00:46:38,1.2 mi,00:09:26,03:36:41,56 mi,00:05:52,02:06:46,13.1 mi,06:45:23
David Martin,1310,101,1652,642,25-29,30,CA,USA,---,888,00:49:23,1.2 mi,00:08:45,03:37:09,56 mi,00:06:25,02:03:46,13.1 mi,06:45:28
Astrid Schell,343,61,1653,1667,40-44,44,CA,USA,---,1662,00:46:53,1.2 mi,00:06:00,03:30:56,56 mi,00:03:48,02:17:51,13.1 mi,06:45:28
Justin Boado,1311,259,1654,171,35-39,41,CA,USA,---,822,00:53:07,1.2 mi,00:05:43,03:15:48,56 mi,00:01:54,02:28:58,13.1 mi,06:45:30
Jorge Falco,1312,169,1655,2389,45-49,48,---,MEX,---,886,01:16:30,1.2 mi,00:05:08,03:17:24,56 mi,00:06:06,02:00:26,13.1 mi,06:45:34
Joseph Cook,1313,170,1656,2355,45-49,49,CA,USA,---,885,00:44:45,1.2 mi,00:07:11,03:32:08,56 mi,00:04:38,02:16:55,13.1 mi,06:45:37
Dane Elefante,1314,102,1657,598,25-29,31,CA,USA,---,881,00:42:45,1.2 mi,00:08:32,03:43:04,56 mi,00:06:18,02:05:11,13.1 mi,06:45:50
Stephen Sutherland,1315,59,1658,1465,55-59,61,CA,USA,---,1521,00:37:18,1.2 mi,00:04:58,03:31:40,56 mi,00:11:23,02:20:50,13.1 mi,06:46:09
Brian Greer,1316,198,1659,2719,30-34,36,VA,USA,---,864,00:54:34,1.2 mi,00:06:57,03:42:02,56 mi,00:01:44,02:01:00,13.1 mi,06:46:17
Steve Lillegren,1317,171,1660,2458,45-49,49,CA,USA,---,872,00:41:27,1.2 mi,00:05:35,03:25:30,56 mi,00:03:11,02:30:36,13.1 mi,06:46:19
Eileen Johnson,344,44,1661,1762,45-49,51,CA,USA,---,1725,00:44:52,1.2 mi,00:13:01,03:34:13,56 mi,00:04:50,02:09:32,13.1 mi,06:46:28
Wayne Jou,1318,103,1662,634,25-29,31,CA,USA,---,865,00:56:49,1.2 mi,00:07:13,03:10:59,56 mi,00:05:14,02:26:31,13.1 mi,06:46:46
Frank Nogales,1319,309,1663,1018,40-44,47,WA,USA,---,834,00:55:18,1.2 mi,00:06:12,03:14:41,56 mi,00:03:09,02:27:29,13.1 mi,06:46:49
Michael Bagasao,1320,310,1664,714,40-44,47,CA,USA,---,832,00:43:12,1.2 mi,00:10:33,03:29:12,56 mi,00:05:37,02:18:22,13.1 mi,06:46:56
Delia Park,345,69,1665,2082,35-39,42,CA,USA,---,1358,00:59:20,1.2 mi,00:10:59,03:23:40,56 mi,00:03:15,02:09:42,13.1 mi,06:46:56
Troy Clement,1321,115,1666,1308,50-54,56,---,USA,---,1067,00:41:28,1.2 mi,00:05:36,03:18:00,56 mi,00:03:43,02:38:10,13.1 mi,06:46:57
Rochelle Munoz,346,70,1667,2059,35-39,43,CA,USA,---,1357,00:46:14,1.2 mi,00:04:19,03:29:58,56 mi,00:02:56,02:23:32,13.1 mi,06:46:59
Kristine Barney,347,71,1668,1996,35-39,42,AZ,USA,---,1356,00:40:59,1.2 mi,00:08:52,03:39:02,56 mi,00:06:50,02:11:19,13.1 mi,06:47:02
Alison Brasher,348,72,1669,2004,35-39,39,ID,USA,---,1355,00:49:21,1.2 mi,00:08:01,03:32:05,56 mi,00:06:23,02:11:16,13.1 mi,06:47:06
Denise Dunham,349,27,1670,1915,50-54,58,CA,USA,---,1654,00:45:41,1.2 mi,00:10:30,03:20:44,56 mi,00:07:09,02:23:05,13.1 mi,06:47:09
John Kim,1322,116,1671,1316,50-54,55,CA,USA,---,1063,00:47:29,1.2 mi,00:08:14,03:14:14,56 mi,00:06:05,02:31:09,13.1 mi,06:47:11
Larry Dacoron,1323,199,1672,2673,30-34,35,CA,USA,---,847,00:47:15,1.2 mi,00:05:53,03:17:21,56 mi,00:02:41,02:34:03,13.1 mi,06:47:13
Tia Shields,350,73,1673,2105,35-39,40,CA,USA,---,1352,00:42:52,1.2 mi,00:07:17,03:28:54,56 mi,00:02:53,02:25:20,13.1 mi,06:47:16
Rachelle Smith,351,45,1674,1814,45-49,53,CA,USA,---,1710,00:47:57,1.2 mi,00:08:38,03:34:55,56 mi,00:05:18,02:10:31,13.1 mi,06:47:19
David Lee,1324,200,1675,2768,30-34,37,CA,USA,---,841,00:51:07,1.2 mi,00:06:07,03:35:46,56 mi,00:04:18,02:10:16,13.1 mi,06:47:34
Jara Tripiano,352,74,1676,2125,35-39,42,AZ,USA,---,1346,00:45:56,1.2 mi,00:08:53,03:30:55,56 mi,00:07:13,02:14:38,13.1 mi,06:47:35
Susan Lee,353,11,1677,2280,55-59,41,CA,USA,---,2089,00:57:04,1.2 mi,00:09:50,03:28:18,56 mi,00:05:45,02:06:41,13.1 mi,06:47:38
Sabine Peters,354,28,1678,1950,50-54,54,---,DEU,---,1644,00:35:16,1.2 mi,00:08:27,03:26:40,56 mi,00:04:37,02:32:44,13.1 mi,06:47:44
Felipe De Los Cobos,1325,172,1679,2370,45-49,49,---,MEX,---,846,00:42:24,1.2 mi,00:06:20,03:24:24,56 mi,00:05:21,02:29:18,13.1 mi,06:47:47
Paul Pace,1326,25,1680,1521,60-64,65,CA,USA,---,1772,00:40:33,1.2 mi,00:11:01,03:51:08,56 mi,00:04:41,02:00:38,13.1 mi,06:48:01
Brian Robins,1327,117,1681,1220,50-54,53,UT,USA,---,1046,00:55:42,1.2 mi,00:10:38,03:14:01,56 mi,00:04:04,02:23:43,13.1 mi,06:48:08
Michael Selby,1328,201,1682,2858,30-34,36,CA,USA,---,828,00:43:23,1.2 mi,00:07:17,03:47:21,56 mi,00:04:40,02:05:37,13.1 mi,06:48:18
Eugene Kim,1329,260,1683,311,35-39,39,CA,USA,---,770,00:48:54,1.2 mi,00:11:29,03:19:54,56 mi,00:06:13,02:21:54,13.1 mi,06:48:24
Dennis Vallefuoco,1330,118,1684,1359,50-54,57,HI,USA,---,1040,00:41:13,1.2 mi,00:08:10,03:20:55,56 mi,00:05:29,02:32:41,13.1 mi,06:48:28
Ken Ulrich,1331,60,1685,1418,55-59,59,CA,USA,---,1479,00:49:11,1.2 mi,00:08:21,03:17:53,56 mi,00:05:39,02:27:24,13.1 mi,06:48:28
Kim Neal,355,29,1686,1945,50-54,58,CA,USA,---,1628,00:50:08,1.2 mi,00:07:53,03:32:06,56 mi,00:08:11,02:10:20,13.1 mi,06:48:38
Gerry Forman,1332,1,1687,1571,70-74,78,CA,USA,---,3500,00:44:54,1.2 mi,00:08:35,03:32:15,56 mi,00:04:36,02:18:23,13.1 mi,06:48:43
Roderick San Andres,1333,311,1688,1083,40-44,47,---,USA,---,800,00:52:49,1.2 mi,00:06:47,03:29:10,56 mi,00:04:06,02:15:52,13.1 mi,06:48:44
David Ritchie,1334,61,1689,1483,55-59,62,CA,USA,---,1470,00:42:50,1.2 mi,00:10:11,03:17:08,56 mi,00:03:19,02:35:30,13.1 mi,06:48:58
Leticia Taylor,356,46,1690,1817,45-49,52,CA,USA,---,1674,00:45:48,1.2 mi,00:09:21,03:27:13,56 mi,00:04:18,02:22:38,13.1 mi,06:49:18
Mark Blankenship,1335,119,1691,1246,50-54,55,CA,USA,---,1023,00:44:19,1.2 mi,00:08:02,03:15:42,56 mi,00:05:38,02:35:43,13.1 mi,06:49:24
Robert Gates,1336,261,1692,256,35-39,42,AZ,USA,---,748,01:00:05,1.2 mi,00:12:36,03:25:36,56 mi,00:04:54,02:06:24,13.1 mi,06:49:35
Jeanette Padilla,357,47,1693,1795,45-49,53,Intl State,MEX,---,1668,00:50:57,1.2 mi,00:10:22,03:35:06,56 mi,00:04:45,02:08:29,13.1 mi,06:49:39
Tamara Berndt,358,62,1694,1580,40-44,46,CA,USA,---,1584,00:49:21,1.2 mi,00:05:22,03:33:16,56 mi,00:02:21,02:19:27,13.1 mi,06:49:47
Rick Van Tuyl,1337,173,1695,2583,45-49,52,CA,USA,---,807,00:38:06,1.2 mi,00:04:50,03:06:45,56 mi,00:03:35,02:56:40,13.1 mi,06:49:56
Julia Kolyadenko,359,75,1696,2050,35-39,40,CA,USA,---,1303,00:42:23,1.2 mi,00:07:03,04:00:42,56 mi,00:04:27,01:55:26,13.1 mi,06:50:01
Mark Gleason,1338,120,1697,1367,50-54,57,CA,USA,---,1010,00:43:37,1.2 mi,00:10:03,03:43:56,56 mi,00:07:15,02:05:14,13.1 mi,06:50:05
Rick Carlos,1339,312,1698,767,40-44,46,CA,USA,---,775,00:41:30,1.2 mi,00:05:30,03:31:03,56 mi,00:03:26,02:28:38,13.1 mi,06:50:07
Rubin Johnson,1340,62,1699,1435,55-59,60,CA,USA,---,1449,00:45:58,1.2 mi,00:06:42,03:22:37,56 mi,00:06:06,02:28:45,13.1 mi,06:50:08
William Burns,1341,174,1700,2337,45-49,52,CA,USA,---,798,00:44:56,1.2 mi,00:07:49,03:22:22,56 mi,00:04:46,02:30:34,13.1 mi,06:50:27
Stephen Peeler,1342,63,1701,1494,55-59,63,CA,USA,---,1443,00:43:01,1.2 mi,00:10:05,03:27:30,56 mi,00:06:29,02:23:24,13.1 mi,06:50:29
Becky Pickens,360,12,1702,2285,55-59,63,CA,USA,---,2037,00:46:17,1.2 mi,00:10:51,03:45:03,56 mi,00:04:34,02:03:44,13.1 mi,06:50:29
Suzanne Hawson,361,70,1703,2192,30-34,38,CA,USA,---,1259,00:46:51,1.2 mi,00:07:09,03:31:06,56 mi,00:02:51,02:22:46,13.1 mi,06:50:43
Marco Merida,1343,313,1704,995,40-44,44,CA,USA,---,758,00:50:01,1.2 mi,00:07:38,03:17:50,56 mi,00:06:02,02:29:33,13.1 mi,06:51:04
Conrad Young,1344,121,1705,1330,50-54,55,CA,USA,---,990,00:50:47,1.2 mi,00:07:12,03:04:51,56 mi,00:04:54,02:43:30,13.1 mi,06:51:14
Kelly Cortez,362,63,1706,1592,40-44,48,CA,USA,---,1556,00:49:04,1.2 mi,00:07:15,03:25:24,56 mi,00:05:06,02:24:30,13.1 mi,06:51:19
Stefani Kochen,363,40,1707,1867,25-29,32,CA,USA,---,1486,00:42:45,1.2 mi,00:13:33,03:54:25,56 mi,00:06:57,01:53:46,13.1 mi,06:51:26
Nathan Ruffing,1345,104,1708,665,25-29,33,CA,USA,---,780,00:46:02,1.2 mi,00:14:12,03:47:28,56 mi,00:15:03,01:48:43,13.1 mi,06:51:28
Heather Bennett,364,76,1709,1999,35-39,38,AZ,USA,---,1275,00:37:23,1.2 mi,00:06:43,03:40:33,56 mi,00:03:25,02:23:29,13.1 mi,06:51:33
Tony Spineto,1346,262,1710,460,35-39,41,CA,USA,---,710,00:36:39,1.2 mi,00:04:36,02:58:30,56 mi,00:03:40,03:08:18,13.1 mi,06:51:43
Travis Anderson,1347,202,1711,2616,30-34,34,CA,USA,---,759,00:47:10,1.2 mi,00:06:58,03:16:33,56 mi,00:04:17,02:37:09,13.1 mi,06:52:07
Leon Toson,1348,263,1712,478,35-39,42,CA,USA,---,700,00:47:42,1.2 mi,00:07:51,03:13:34,56 mi,00:05:47,02:37:21,13.1 mi,06:52:15
Bruce Davis,1349,122,1713,1190,50-54,54,CA,USA,---,968,00:41:17,1.2 mi,00:09:18,03:24:45,56 mi,00:07:16,02:29:51,13.1 mi,06:52:27
Steven Brown,1350,175,1714,2330,45-49,49,AZ,USA,---,761,00:42:24,1.2 mi,00:14:15,03:19:39,56 mi,00:06:06,02:30:06,13.1 mi,06:52:30
Ralph Robinson,1351,64,1715,1460,55-59,61,CA,USA,---,1406,00:42:44,1.2 mi,00:09:07,03:39:44,56 mi,00:06:22,02:14:34,13.1 mi,06:52:31
Anthony Berg,1352,26,1716,1530,60-64,67,CA,USA,---,1690,00:50:30,1.2 mi,00:12:57,03:03:59,56 mi,00:04:37,02:40:33,13.1 mi,06:52:36
David Ward,1353,176,1717,2591,45-49,52,AZ,USA,---,756,00:41:53,1.2 mi,00:06:40,03:10:57,56 mi,00:03:37,02:49:38,13.1 mi,06:52:45
Brett Grob,1354,203,1718,2721,30-34,34,TX,USA,---,743,00:46:28,1.2 mi,00:08:54,03:44:52,56 mi,00:05:15,02:07:31,13.1 mi,06:53:00
Leigh-Ann Webster,365,64,1719,1701,40-44,45,CA,USA,---,1525,00:46:35,1.2 mi,00:07:03,03:36:34,56 mi,00:05:34,02:17:18,13.1 mi,06:53:04
Ernest Fisco,1355,177,1720,2397,45-49,51,CA,USA,---,750,00:53:47,1.2 mi,00:06:06,03:32:35,56 mi,00:05:20,02:15:17,13.1 mi,06:53:05
Kent Campbell,1356,178,1721,2344,45-49,49,CA,USA,---,748,00:48:32,1.2 mi,00:08:04,03:23:29,56 mi,00:09:35,02:23:32,13.1 mi,06:53:12
Kat Iavicoli,366,48,1722,1759,45-49,49,CO,USA,---,1598,00:46:18,1.2 mi,00:09:00,03:32:22,56 mi,00:05:13,02:20:37,13.1 mi,06:53:30
Victoria Tomkinson,367,49,1723,1821,45-49,49,CA,USA,---,1598,00:43:10,1.2 mi,00:09:12,03:36:30,56 mi,00:03:29,02:21:11,13.1 mi,06:53:32
Judy Richwine,368,1,1724,1989,65-69,73,CA,USA,---,3500,00:52:23,1.2 mi,00:10:41,03:24:23,56 mi,00:05:55,02:20:12,13.1 mi,06:53:34
Daniel Ponder,1357,105,1725,656,25-29,28,CA,USA,---,739,00:41:24,1.2 mi,00:07:12,03:17:22,56 mi,00:12:19,02:35:27,13.1 mi,06:53:44
Jim Markwell,1358,65,1726,1457,55-59,61,CA,USA,---,1383,00:45:57,1.2 mi,00:07:05,03:18:33,56 mi,00:05:21,02:36:52,13.1 mi,06:53:48
Joe Arioto,1359,264,1727,139,35-39,38,CA,USA,---,700,00:41:24,1.2 mi,00:07:58,03:20:57,56 mi,00:06:21,02:37:10,13.1 mi,06:53:50
Michelle Giese,369,65,1728,1608,40-44,44,NM,USA,---,1509,00:51:40,1.2 mi,00:09:43,03:35:31,56 mi,00:06:05,02:10:59,13.1 mi,06:53:58
William Mason,1360,66,1729,1438,55-59,59,CA,USA,---,1376,00:58:34,1.2 mi,00:15:19,04:05:26,56 mi,00:09:22,01:25:30,13.1 mi,06:54:11
Carl Tippets,1361,27,1730,1510,60-64,63,UT,USA,---,1661,00:54:54,1.2 mi,00:09:42,03:26:20,56 mi,00:06:32,02:16:44,13.1 mi,06:54:12
Joe Larsen,1362,28,1731,1526,60-64,66,UT,USA,---,1661,00:44:36,1.2 mi,00:11:34,03:26:58,56 mi,00:06:55,02:24:09,13.1 mi,06:54:12
Leslie Swanson,370,77,1732,2113,35-39,39,AZ,USA,---,1227,00:48:28,1.2 mi,00:08:55,03:40:30,56 mi,00:03:11,02:13:08,13.1 mi,06:54:12
Steve Fuller,1363,179,1733,2401,45-49,51,---,USA,---,727,00:49:11,1.2 mi,00:07:04,03:24:48,56 mi,00:03:17,02:30:04,13.1 mi,06:54:24
Christopher Lugo,1364,265,1734,347,35-39,43,WA,USA,---,700,00:37:29,1.2 mi,00:06:44,03:13:41,56 mi,00:04:01,02:52:37,13.1 mi,06:54:32
Darren Case,1365,204,1735,2656,30-34,35,AZ,USA,---,713,00:38:08,1.2 mi,00:08:54,03:34:45,56 mi,00:05:11,02:27:44,13.1 mi,06:54:42
Lynn Vidakovic,371,78,1736,2090,35-39,41,IL,USA,---,1217,00:42:23,1.2 mi,00:10:25,03:48:37,56 mi,00:07:18,02:06:04,13.1 mi,06:54:47
Jenelle Cobb,372,66,1737,1589,40-44,47,WA,USA,---,1489,00:50:30,1.2 mi,00:08:16,03:22:48,56 mi,00:03:29,02:30:01,13.1 mi,06:55:04
Leah Polinger,373,50,1738,1799,45-49,51,CA,USA,---,1569,00:45:40,1.2 mi,00:09:09,03:45:54,56 mi,00:06:05,02:08:19,13.1 mi,06:55:07
Steven Ronco,1366,180,1739,2526,45-49,50,CA,USA,---,709,00:43:58,1.2 mi,00:07:54,03:21:38,56 mi,00:04:02,02:37:51,13.1 mi,06:55:23
Leslie Winchell,374,3,1740,1982,60-64,63,CA,USA,---,2989,00:40:15,1.2 mi,00:07:18,03:19:17,56 mi,00:05:16,02:43:22,13.1 mi,06:55:28
Willie Gutierrez,1367,123,1741,1368,50-54,58,CA,USA,---,911,00:50:19,1.2 mi,00:06:58,03:20:27,56 mi,00:03:30,02:34:22,13.1 mi,06:55:36
Liudmila Heally,375,79,1742,2032,35-39,43,CA,USA,---,1197,00:51:41,1.2 mi,00:06:24,03:28:20,56 mi,00:06:20,02:23:08,13.1 mi,06:55:53
Sonia Bergler,376,67,1743,1579,40-44,44,OR,USA,---,1473,00:53:56,1.2 mi,00:09:41,03:56:16,56 mi,00:06:51,01:49:13,13.1 mi,06:55:57
Doug Lam,1368,266,1744,323,35-39,42,CA,USA,---,700,00:50:14,1.2 mi,00:07:42,03:30:14,56 mi,00:03:42,02:24:19,13.1 mi,06:56:11
Simone Bittenbinder,377,68,1745,1582,40-44,47,CA,USA,---,1468,00:58:04,1.2 mi,00:05:57,03:38:48,56 mi,00:03:34,02:09:50,13.1 mi,06:56:13
Stephanie Sonnenshine,378,80,1746,2108,35-39,41,CA,USA,---,1190,00:47:21,1.2 mi,00:09:48,03:31:54,56 mi,00:05:49,02:21:26,13.1 mi,06:56:18
Karen Quigley,379,69,1747,1656,40-44,46,AZ,USA,---,1466,00:38:47,1.2 mi,00:09:05,03:33:44,56 mi,00:04:11,02:30:33,13.1 mi,06:56:20
Jason Russell,1369,314,1748,1081,40-44,47,CA,USA,---,700,00:52:59,1.2 mi,00:06:10,03:08:09,56 mi,00:03:46,02:45:26,13.1 mi,06:56:30
Jan Oravec Jr.,1370,106,1749,654,25-29,29,CA,USA,---,700,00:43:06,1.2 mi,00:06:14,03:32:50,56 mi,00:04:59,02:29:25,13.1 mi,06:56:34
Zachary Oneill,1371,181,1750,2495,45-49,49,CA,USA,---,700,00:42:18,1.2 mi,00:10:59,03:23:06,56 mi,00:03:22,02:36:52,13.1 mi,06:56:37
Patty Harris,380,13,1751,2277,55-59,61,CA,USA,---,1926,00:35:08,1.2 mi,00:08:29,03:31:04,56 mi,00:06:50,02:35:08,13.1 mi,06:56:39
Travis Colby,1372,205,1752,2665,30-34,38,CA,USA,---,700,00:44:18,1.2 mi,00:12:02,03:25:33,56 mi,00:07:53,02:26:56,13.1 mi,06:56:42
Maria Sperber,381,70,1753,1677,40-44,44,CA,USA,---,1455,00:51:49,1.2 mi,00:07:19,03:35:49,56 mi,00:04:30,02:17:30,13.1 mi,06:56:57
Terry Harrison,1373,124,1754,1340,50-54,57,CA,USA,---,884,00:38:40,1.2 mi,00:08:08,03:22:14,56 mi,00:05:33,02:42:31,13.1 mi,06:57:06
Jennifer Bedford,382,71,1755,2149,30-34,34,CA,USA,---,1141,00:52:31,1.2 mi,00:07:40,03:35:03,56 mi,00:03:08,02:18:54,13.1 mi,06:57:16
Francesco Ascagni,1374,206,1756,2623,30-34,36,---,GBR,---,700,00:37:29,1.2 mi,00:12:27,03:28:38,56 mi,00:06:42,02:32:18,13.1 mi,06:57:34
William McNamara,1375,315,1757,991,40-44,44,VA,USA,---,700,00:46:24,1.2 mi,00:12:01,03:24:50,56 mi,00:09:40,02:24:50,13.1 mi,06:57:45
Jonathan Flint,1376,107,1758,604,25-29,31,WA,USA,---,700,00:41:41,1.2 mi,00:04:22,03:52:18,56 mi,00:03:38,02:15:49,13.1 mi,06:57:48
Robert Anderson,1377,207,1759,2617,30-34,36,CA,USA,---,700,00:44:50,1.2 mi,00:08:59,03:31:57,56 mi,00:10:08,02:22:12,13.1 mi,06:58:06
Jerry Phelps,1378,182,1760,2502,45-49,52,---,USA,---,700,00:49:48,1.2 mi,00:08:57,03:35:41,56 mi,00:02:40,02:21:01,13.1 mi,06:58:07
Mike Selby,1379,29,1761,1508,60-64,64,CA,USA,---,1588,00:44:17,1.2 mi,00:13:57,03:16:00,56 mi,00:06:49,02:37:11,13.1 mi,06:58:14
Jeff Kimball,1380,27,1762,531,18-24,28,UT,USA,---,983,00:39:30,1.2 mi,00:05:47,03:36:45,56 mi,00:04:48,02:31:36,13.1 mi,06:58:26
Dave Norman,1381,125,1763,1210,50-54,54,CA,USA,---,853,00:52:16,1.2 mi,00:10:56,03:56:05,56 mi,00:08:07,01:51:26,13.1 mi,06:58:50
Andrea Fernandez,383,41,1764,1856,25-29,31,---,MEX,---,1350,00:44:53,1.2 mi,00:07:38,03:47:06,56 mi,00:05:27,02:13:53,13.1 mi,06:58:57
James Ismailoglu,1382,126,1765,1342,50-54,56,CA,USA,---,850,00:51:06,1.2 mi,00:07:25,03:18:53,56 mi,00:04:27,02:37:08,13.1 mi,06:58:59
Chris Lickley,1383,183,1766,2456,45-49,52,CA,USA,---,700,00:44:13,1.2 mi,00:11:52,04:21:40,56 mi,00:07:53,01:33:28,13.1 mi,06:59:06
Kim Rahlfs,384,14,1767,2286,55-59,60,CA,USA,---,1880,00:43:34,1.2 mi,00:09:47,03:43:40,56 mi,00:03:23,02:18:48,13.1 mi,06:59:12
Robert Docili,1384,7,1768,1559,65-69,70,CA,USA,---,1760,00:21:54,1.2 mi,00:10:24,03:14:49,56 mi,00:14:02,02:58:05,13.1 mi,06:59:14
Brett Gylling,1385,108,1769,620,25-29,32,CA,USA,---,700,00:39:50,1.2 mi,00:05:54,03:20:35,56 mi,00:06:37,02:46:34,13.1 mi,06:59:30
Jon Reiter,1386,267,1770,424,35-39,43,CA,USA,---,700,00:58:13,1.2 mi,00:12:30,03:25:42,56 mi,00:11:17,02:11:51,13.1 mi,06:59:33
Jeff Kimball,1387,67,1771,1473,55-59,61,UT,USA,---,1280,00:51:06,1.2 mi,00:10:30,03:31:26,56 mi,00:06:28,02:20:03,13.1 mi,06:59:33
Hugo Haro,1388,127,1772,1260,50-54,54,---,MEX,---,840,00:42:52,1.2 mi,00:10:25,03:31:37,56 mi,00:07:04,02:27:36,13.1 mi,06:59:34
Nickola Losee,385,72,1773,2222,30-34,37,CA,USA,---,1095,00:50:14,1.2 mi,00:08:40,03:27:05,56 mi,00:05:54,02:27:58,13.1 mi,06:59:51
Johanne Vied,386,51,1774,1824,45-49,51,CA,USA,---,1482,00:49:29,1.2 mi,00:11:58,03:35:58,56 mi,00:09:03,02:13:29,13.1 mi,06:59:57
Scott Bennett,1389,208,1775,2638,30-34,38,AZ,USA,---,700,00:40:52,1.2 mi,00:09:25,03:31:34,56 mi,00:03:30,02:34:47,13.1 mi,07:00:08
Jason Schingler,1390,209,1776,2855,30-34,38,CA,USA,---,700,00:40:55,1.2 mi,00:09:39,03:25:24,56 mi,00:05:50,02:38:20,13.1 mi,07:00:08
Almadelia Hisazaga,387,73,1777,2196,30-34,37,---,USA,---,1084,00:57:46,1.2 mi,00:12:12,03:49:42,56 mi,00:03:27,01:57:20,13.1 mi,07:00:27
Jennifer Beatty,388,74,1778,2147,30-34,35,CA,USA,---,1083,00:48:01,1.2 mi,00:08:13,03:45:25,56 mi,00:04:21,02:14:30,13.1 mi,07:00:30
Erin Benjamin,389,81,1779,1998,35-39,42,CA,USA,---,1111,00:49:53,1.2 mi,00:06:40,03:24:16,56 mi,00:03:53,02:35:59,13.1 mi,07:00:41
Daniel Towery,1391,109,1780,686,25-29,31,CA,USA,---,700,00:50:26,1.2 mi,00:09:29,03:11:12,56 mi,00:08:30,02:41:07,13.1 mi,07:00:44
Tomas Wheaton,1392,28,1781,550,18-24,26,ID,USA,---,937,00:43:57,1.2 mi,00:08:26,03:43:29,56 mi,00:04:45,02:20:24,13.1 mi,07:01:01
Jim Fricks,1393,30,1782,1503,60-64,63,CA,USA,---,1527,00:44:56,1.2 mi,00:09:26,03:41:40,56 mi,00:04:58,02:20:37,13.1 mi,07:01:37
Laurie Mathers,1394,210,1783,2784,30-34,34,---,GBR,---,700,00:45:57,1.2 mi,00:09:33,03:37:42,56 mi,00:05:43,02:22:44,13.1 mi,07:01:39
Becky Layton,390,71,1784,1632,40-44,43,CA,USA,---,1370,00:58:22,1.2 mi,00:06:01,03:15:34,56 mi,00:04:53,02:36:52,13.1 mi,07:01:42
Ben Johnson,1395,268,1785,303,35-39,39,CA,USA,---,700,00:35:05,1.2 mi,00:05:58,03:32:31,56 mi,00:08:41,02:39:41,13.1 mi,07:01:56
Liz Sovern,391,75,1786,2251,30-34,34,CA,USA,---,1057,00:37:10,1.2 mi,00:09:03,03:43:32,56 mi,00:08:01,02:24:11,13.1 mi,07:01:57
Kristin Mchale,392,52,1787,1786,45-49,48,CA,USA,---,1440,00:46:32,1.2 mi,00:12:30,03:35:48,56 mi,00:05:19,02:22:08,13.1 mi,07:02:17
Sherri Eng,393,72,1788,1602,40-44,47,CA,USA,---,1356,00:50:19,1.2 mi,00:08:43,03:32:55,56 mi,00:06:08,02:24:22,13.1 mi,07:02:27
Michael Walker,1396,128,1789,1387,50-54,58,UT,USA,---,781,01:04:50,1.2 mi,00:06:13,03:09:41,56 mi,00:05:06,02:36:59,13.1 mi,07:02:49
James Siudut,1397,68,1790,1497,55-59,63,AZ,USA,---,1220,01:26:33,1.2 mi,00:08:19,03:21:20,56 mi,00:03:21,02:03:20,13.1 mi,07:02:53
Kristy Tetting,394,82,1791,2118,35-39,42,CA,USA,---,1069,00:52:58,1.2 mi,00:08:46,03:52:24,56 mi,00:04:01,02:04:52,13.1 mi,07:03:01
Dave Stockton,1398,129,1792,1290,50-54,55,CA,USA,---,775,00:51:31,1.2 mi,00:08:37,03:35:36,56 mi,00:08:24,02:19:01,13.1 mi,07:03:09
Roger Blickhan,1399,184,1793,2322,45-49,48,CA,USA,---,700,00:58:21,1.2 mi,00:11:43,03:31:35,56 mi,00:04:09,02:17:21,13.1 mi,07:03:09
David Elliott,1400,269,1794,233,35-39,38,CA,USA,---,700,00:58:03,1.2 mi,00:09:34,03:26:16,56 mi,00:04:36,02:25:43,13.1 mi,07:04:12
Melinda Liou,395,76,1795,2218,30-34,36,---,USA,---,1014,00:36:30,1.2 mi,00:05:21,03:46:23,56 mi,00:03:00,02:33:06,13.1 mi,07:04:20
Susan Kolko,396,53,1796,1766,45-49,49,CA,USA,---,1402,00:48:52,1.2 mi,00:07:55,03:54:09,56 mi,00:04:00,02:09:28,13.1 mi,07:04:24
Christina Gallegos,397,77,1797,2184,30-34,38,CA,USA,---,1011,00:53:08,1.2 mi,00:10:09,03:38:52,56 mi,00:06:35,02:15:45,13.1 mi,07:04:29
Stan Barnwell,1401,69,1798,1468,55-59,61,OR,USA,---,1190,00:41:53,1.2 mi,00:17:57,03:36:05,56 mi,00:09:12,02:19:26,13.1 mi,07:04:33
Chetan Panwala,1402,185,1799,2498,45-49,48,CA,USA,---,700,00:47:05,1.2 mi,00:11:19,03:34:39,56 mi,00:05:49,02:25:52,13.1 mi,07:04:44
Alan Lynn Tarkington,1403,2,1800,1570,70-74,76,CA,USA,---,3210,00:43:05,1.2 mi,00:09:18,03:16:32,56 mi,00:03:15,02:52:39,13.1 mi,07:04:49
Mark Fackler,1404,130,1801,1366,50-54,58,CO,USA,---,741,00:39:46,1.2 mi,00:10:41,03:37:04,56 mi,00:07:28,02:30:03,13.1 mi,07:05:02
Kristen Mcgeeney,398,78,1802,2226,30-34,36,DC,USA,---,995,00:47:08,1.2 mi,00:09:58,03:52:28,56 mi,00:05:55,02:09:55,13.1 mi,07:05:24
Meredith Mortimer,399,54,1803,1791,45-49,49,CA,USA,---,1384,00:42:09,1.2 mi,00:08:56,03:39:33,56 mi,00:03:34,02:31:14,13.1 mi,07:05:26
Erin Eli,1405,316,1804,823,40-44,45,CA,USA,---,700,00:55:54,1.2 mi,00:14:26,03:10:58,56 mi,00:09:19,02:34:57,13.1 mi,07:05:34
Andrew Bramblett,1406,186,1805,2326,45-49,49,CA,USA,---,700,00:48:34,1.2 mi,00:10:36,03:33:33,56 mi,00:07:25,02:25:32,13.1 mi,07:05:40
Allison Speer,400,79,1806,2252,30-34,36,CA,USA,---,990,00:39:59,1.2 mi,00:06:28,03:52:20,56 mi,00:03:43,02:23:11,13.1 mi,07:05:41
Michael Barton,1407,211,1807,2634,30-34,35,UT,USA,---,700,00:50:07,1.2 mi,00:08:31,03:26:47,56 mi,00:04:41,02:35:40,13.1 mi,07:05:46
Brad Biddle,1408,317,1808,731,40-44,46,CA,USA,---,700,00:49:18,1.2 mi,00:07:04,03:16:57,56 mi,00:04:11,02:48:20,13.1 mi,07:05:50
Randolph Siwabessy,1409,270,1809,455,35-39,43,CA,USA,---,700,00:50:41,1.2 mi,00:08:32,03:42:27,56 mi,00:04:43,02:19:35,13.1 mi,07:05:58
Amitis Memar,401,80,1810,2228,30-34,37,CA,USA,---,983,01:00:02,1.2 mi,00:08:43,03:44:09,56 mi,00:06:54,02:06:15,13.1 mi,07:06:03
Christopher Mcdougall,1410,212,1811,2788,30-34,37,CA,USA,---,700,00:53:36,1.2 mi,00:07:50,03:28:47,56 mi,00:05:06,02:30:45,13.1 mi,07:06:04
Leonard Kurp,1411,318,1812,948,40-44,45,CA,USA,---,700,00:36:54,1.2 mi,00:08:04,03:07:23,56 mi,00:05:46,03:08:01,13.1 mi,07:06:08
Mathew Neal,1412,213,1813,2802,30-34,37,CA,USA,---,700,00:40:35,1.2 mi,00:07:28,03:45:53,56 mi,00:05:42,02:26:34,13.1 mi,07:06:12
Lothar Determann,1413,319,1814,809,40-44,47,CA,USA,---,700,00:57:23,1.2 mi,00:09:43,03:31:55,56 mi,00:09:32,02:17:45,13.1 mi,07:06:18
Drew Stewart,1414,214,1815,2874,30-34,33,AZ,USA,---,700,00:47:11,1.2 mi,00:09:12,03:27:06,56 mi,00:06:54,02:36:13,13.1 mi,07:06:36
Rod O'Hara,1415,271,1816,382,35-39,41,AZ,USA,---,700,00:44:42,1.2 mi,00:06:42,03:25:09,56 mi,00:05:19,02:44:46,13.1 mi,07:06:38
Christopher Bayani,1416,272,1817,156,35-39,41,CA,USA,---,700,00:57:57,1.2 mi,00:09:28,02:59:32,56 mi,00:09:43,02:50:00,13.1 mi,07:06:40
Jorge Galdamez,1417,320,1818,854,40-44,46,CA,USA,---,700,00:46:33,1.2 mi,00:06:27,03:26:53,56 mi,00:04:43,02:42:08,13.1 mi,07:06:44
Philip Russell,1418,321,1819,1080,40-44,47,CA,USA,---,700,01:08:35,1.2 mi,00:09:23,03:16:26,56 mi,00:07:16,02:25:06,13.1 mi,07:06:46
Steve Clayton,1419,322,1820,780,40-44,47,CA,USA,---,700,00:57:01,1.2 mi,00:13:53,03:07:04,56 mi,00:06:41,02:42:21,13.1 mi,07:07:00
Mariat Fernandez,402,15,1821,2274,55-59,63,CA,USA,---,1738,00:43:14,1.2 mi,00:10:29,04:05:24,56 mi,00:06:54,02:01:06,13.1 mi,07:07:07
Pat Stern,1420,70,1822,1445,55-59,59,TX,USA,---,1142,00:55:57,1.2 mi,00:10:28,03:05:54,56 mi,00:05:34,02:49:19,13.1 mi,07:07:12
Marilynn Gallagher,403,30,1823,1921,50-54,54,CA,USA,---,1289,00:45:20,1.2 mi,00:07:49,03:35:10,56 mi,00:08:46,02:30:21,13.1 mi,07:07:26
Robert Paskus,1421,31,1824,1522,60-64,65,CA,USA,---,1421,00:57:46,1.2 mi,00:18:39,03:54:42,56 mi,00:12:44,01:43:39,13.1 mi,07:07:30
Ann Heppler,404,31,1825,1926,50-54,55,---,USA,---,1287,00:45:03,1.2 mi,00:12:13,04:08:42,56 mi,00:07:27,01:54:08,13.1 mi,07:07:33
Alejandro Mariano,1422,215,1826,2780,30-34,33,CA,USA,---,700,00:45:56,1.2 mi,00:06:52,03:35:21,56 mi,00:05:12,02:34:14,13.1 mi,07:07:35
Alex Soria,1423,216,1827,2870,30-34,36,NV,USA,---,700,00:31:26,1.2 mi,00:05:54,03:37:23,56 mi,00:04:55,02:48:05,13.1 mi,07:07:43
Paul Rehder,1424,8,1828,1549,65-69,68,CA,USA,---,1607,00:49:59,1.2 mi,00:11:53,03:48:17,56 mi,00:08:52,02:08:45,13.1 mi,07:07:46
Jaime Flood,405,81,1829,2176,30-34,37,VA,USA,---,950,00:44:58,1.2 mi,00:13:52,03:44:00,56 mi,00:05:13,02:19:52,13.1 mi,07:07:55
Karen Jones,406,83,1830,2042,35-39,38,GA,USA,---,975,00:51:44,1.2 mi,00:07:15,03:46:59,56 mi,00:04:27,02:17:47,13.1 mi,07:08:12
Catharine Ryun,407,84,1831,2099,35-39,41,CA,USA,---,975,00:43:09,1.2 mi,00:06:29,04:16:51,56 mi,00:04:31,01:57:13,13.1 mi,07:08:13
Sally Sackett,408,73,1832,1663,40-44,44,AZ,USA,---,1243,00:40:40,1.2 mi,00:10:20,03:33:44,56 mi,00:05:51,02:38:09,13.1 mi,07:08:44
Roy Verstraete,1425,131,1833,1386,50-54,58,CA,USA,---,700,00:52:58,1.2 mi,00:09:49,03:33:08,56 mi,00:04:59,02:28:05,13.1 mi,07:08:59
Amelia Ostroff,409,32,1834,1949,50-54,55,CA,USA,---,1259,00:50:48,1.2 mi,00:09:06,03:35:57,56 mi,00:05:17,02:27:58,13.1 mi,07:09:06
Jeff Asbury,1426,217,1835,2622,30-34,38,CA,USA,---,700,00:43:32,1.2 mi,00:08:32,03:38:40,56 mi,00:03:16,02:35:06,13.1 mi,07:09:06
Julia Van Cleave,410,16,1836,2294,55-59,63,---,USA,---,1700,00:36:36,1.2 mi,00:07:23,03:34:43,56 mi,00:05:31,02:45:02,13.1 mi,07:09:15
Jeremy Floyd,1427,273,1837,243,35-39,42,CA,USA,---,700,00:39:21,1.2 mi,00:10:08,03:56:00,56 mi,00:05:08,02:18:48,13.1 mi,07:09:25
Harrison Penrose,1428,29,1838,538,18-24,28,LA,USA,---,785,00:38:53,1.2 mi,00:11:33,03:39:49,56 mi,00:09:49,02:29:24,13.1 mi,07:09:28
Douglas Rubenstein,1429,30,1839,544,18-24,24,CA,USA,---,784,00:38:14,1.2 mi,00:11:46,03:50:27,56 mi,00:07:15,02:21:50,13.1 mi,07:09:32
Jennifer Lunney,411,85,1840,2061,35-39,43,CA,USA,---,945,00:51:23,1.2 mi,00:08:29,03:52:33,56 mi,00:04:51,02:12:36,13.1 mi,07:09:52
Jerry Davis,1430,132,1841,1253,50-54,54,CA,USA,---,700,00:50:47,1.2 mi,00:08:01,03:35:46,56 mi,00:05:45,02:29:34,13.1 mi,07:09:53
Janus Javier,1431,274,1842,301,35-39,43,CA,USA,---,700,00:46:01,1.2 mi,00:08:29,03:27:36,56 mi,00:06:22,02:41:34,13.1 mi,07:10:02
Heather Kline,412,74,1843,1626,40-44,45,CA,USA,---,1215,00:41:41,1.2 mi,00:09:41,03:32:21,56 mi,00:06:26,02:40:07,13.1 mi,07:10:16
Amy Spencer,413,82,1844,2171,30-34,36,CA,USA,---,902,00:47:11,1.2 mi,00:05:44,03:57:29,56 mi,00:04:06,02:16:03,13.1 mi,07:10:33
Jim Richardson,1432,187,1845,2522,45-49,50,---,USA,---,700,00:52:12,1.2 mi,00:08:35,03:22:19,56 mi,00:04:11,02:43:33,13.1 mi,07:10:50
Todd Wilson,1433,275,1846,501,35-39,40,CA,USA,---,700,01:03:13,1.2 mi,00:09:50,03:38:13,56 mi,00:05:34,02:14:01,13.1 mi,07:10:51
Enrique Castelo,1434,218,1847,2657,30-34,34,CA,USA,---,700,00:43:40,1.2 mi,00:07:00,03:40:16,56 mi,00:04:20,02:35:37,13.1 mi,07:10:53
Uri Feldman,1435,323,1848,837,40-44,46,CA,USA,---,700,00:45:21,1.2 mi,00:15:00,03:48:54,56 mi,00:06:43,02:15:25,13.1 mi,07:11:23
Sharon Mcnary,414,33,1849,1942,50-54,58,CA,USA,---,1218,00:48:24,1.2 mi,00:12:10,03:47:03,56 mi,00:04:45,02:19:01,13.1 mi,07:11:23
Wilma Campos,415,86,1850,2007,35-39,42,CA,USA,---,915,00:59:56,1.2 mi,00:06:37,03:34:07,56 mi,00:06:09,02:24:43,13.1 mi,07:11:32
David Dube,1436,324,1851,816,40-44,47,NJ,USA,---,700,00:44:04,1.2 mi,00:07:47,03:24:42,56 mi,00:06:29,02:48:40,13.1 mi,07:11:42
Leonardo Moreno Guerrero,1437,325,1852,1005,40-44,46,---,MEX,---,700,00:44:31,1.2 mi,00:07:21,03:17:54,56 mi,00:04:53,02:57:08,13.1 mi,07:11:47
William Weber,1438,110,1853,690,25-29,31,OH,USA,---,700,00:47:59,1.2 mi,00:08:08,03:56:22,56 mi,00:03:36,02:15:48,13.1 mi,07:11:53
Scott Jozefowski,1439,326,1854,923,40-44,46,WA,USA,---,700,00:57:39,1.2 mi,00:11:58,03:21:08,56 mi,00:06:25,02:34:43,13.1 mi,07:11:53
Katie Coleman,416,75,1855,1591,40-44,47,CO,USA,---,1185,00:49:33,1.2 mi,00:09:56,03:17:33,56 mi,00:04:38,02:50:16,13.1 mi,07:11:56
Jamie Vanden Broeder,417,83,1856,2261,30-34,36,CA,USA,---,877,00:39:32,1.2 mi,00:05:35,03:43:36,56 mi,00:06:09,02:37:06,13.1 mi,07:11:58
Warren Ward,1440,327,1857,1157,40-44,47,CA,USA,---,700,00:45:11,1.2 mi,00:11:24,03:33:59,56 mi,00:07:06,02:34:56,13.1 mi,07:12:36
Michael Danielczyk,1441,276,1858,211,35-39,42,CA,USA,---,700,00:48:57,1.2 mi,00:09:19,03:22:40,56 mi,00:06:24,02:45:29,13.1 mi,07:12:49
Matthew Schneider,1442,31,1859,546,18-24,28,CA,USA,---,722,00:51:42,1.2 mi,00:06:27,03:49:47,56 mi,00:06:14,02:18:47,13.1 mi,07:12:57
Albert Miranda,1443,328,1860,1002,40-44,48,CA,USA,---,700,00:49:47,1.2 mi,00:15:52,03:14:44,56 mi,00:10:59,02:41:51,13.1 mi,07:13:13
Michele Farmer,418,55,1861,1743,45-49,52,CA,USA,---,1242,00:39:55,1.2 mi,00:07:12,03:49:58,56 mi,00:07:00,02:29:12,13.1 mi,07:13:17
Carl Johnson,1444,9,1862,1564,65-69,72,CA,USA,---,1500,00:52:38,1.2 mi,00:10:46,03:13:08,56 mi,00:07:23,02:49:46,13.1 mi,07:13:41
Justin Hargrave,1445,219,1863,2728,30-34,38,AZ,USA,---,700,00:41:51,1.2 mi,00:12:13,03:28:59,56 mi,00:10:23,02:40:30,13.1 mi,07:13:56
Cristina Mondragon,419,87,1864,2073,35-39,42,---,MEX,---,870,00:50:52,1.2 mi,00:11:04,03:46:37,56 mi,00:05:46,02:19:44,13.1 mi,07:14:03
Charles Osterhout,1446,329,1865,1027,40-44,44,CA,USA,---,700,00:42:53,1.2 mi,00:08:07,03:31:12,56 mi,00:05:07,02:47:16,13.1 mi,07:14:35
Yanfeng Zhang,1447,330,1866,1176,40-44,46,CA,USA,---,700,00:54:40,1.2 mi,00:09:04,03:45:56,56 mi,00:06:53,02:18:08,13.1 mi,07:14:41
John Uribe,1448,188,1867,2580,45-49,52,CA,USA,---,700,00:46:45,1.2 mi,00:07:02,03:40:06,56 mi,00:05:00,02:35:48,13.1 mi,07:14:41
September Ryken,420,76,1868,1662,40-44,44,CA,USA,---,1134,00:50:03,1.2 mi,00:07:24,03:48:53,56 mi,00:04:45,02:23:41,13.1 mi,07:14:46
Tom Scheuble,1449,133,1869,1286,50-54,54,CA,USA,---,700,00:50:04,1.2 mi,00:09:09,03:43:45,56 mi,00:05:36,02:26:35,13.1 mi,07:15:09
Jeff George,1450,111,1870,615,25-29,32,UT,USA,---,700,00:50:15,1.2 mi,00:08:18,03:37:29,56 mi,00:07:12,02:32:01,13.1 mi,07:15:15
Jose Sanchez,1451,189,1871,2531,45-49,50,CA,USA,---,700,00:56:50,1.2 mi,00:08:52,03:39:22,56 mi,00:05:53,02:24:43,13.1 mi,07:15:40
Michelle Kormanik,421,56,1872,1767,45-49,52,ID,USA,---,1199,00:48:07,1.2 mi,00:10:40,03:36:55,56 mi,00:04:06,02:35:55,13.1 mi,07:15:43
Rachel Cahn,422,77,1873,1585,40-44,45,CA,USA,---,1109,00:34:54,1.2 mi,00:07:45,03:59:09,56 mi,00:02:36,02:31:45,13.1 mi,07:16:09
Dan Spaulding,1452,277,1874,459,35-39,40,WA,USA,---,700,00:34:13,1.2 mi,00:13:27,03:45:28,56 mi,00:05:51,02:37:18,13.1 mi,07:16:17
Thomas Guntrip,1453,331,1875,881,40-44,48,CA,USA,---,700,00:39:33,1.2 mi,00:08:47,03:46:35,56 mi,00:08:33,02:33:01,13.1 mi,07:16:29
Mike Russ,1454,278,1876,436,35-39,43,CA,USA,---,700,01:03:02,1.2 mi,00:06:30,03:19:30,56 mi,00:04:26,02:43:06,13.1 mi,07:16:34
Gary Burdorf,1455,190,1877,2334,45-49,51,CA,USA,---,700,00:49:55,1.2 mi,00:08:07,03:37:25,56 mi,00:02:18,02:39:13,13.1 mi,07:16:58
Michael Karson,1456,332,1878,927,40-44,48,HI,USA,---,700,00:39:16,1.2 mi,00:11:32,03:41:08,56 mi,00:06:52,02:38:11,13.1 mi,07:16:59
Jeff Urish,1457,71,1879,1419,55-59,58,CA,USA,---,965,00:39:54,1.2 mi,00:10:35,03:41:17,56 mi,00:08:30,02:36:45,13.1 mi,07:17:01
Edgar Orlino,1458,279,1880,388,35-39,41,CA,USA,---,700,00:55:39,1.2 mi,00:08:31,03:17:43,56 mi,00:03:52,02:51:37,13.1 mi,07:17:22
Kristie Mcdowell,423,78,1881,1638,40-44,47,CA,USA,---,1087,00:55:02,1.2 mi,00:09:16,03:35:37,56 mi,00:07:57,02:29:33,13.1 mi,07:17:25
Joshua Coleman,1459,112,1882,585,25-29,28,CA,USA,---,700,00:48:36,1.2 mi,00:06:11,03:34:51,56 mi,00:03:52,02:43:56,13.1 mi,07:17:26
Clinton Erickson,1460,333,1883,833,40-44,45,ID,USA,---,700,00:59:48,1.2 mi,00:14:27,03:15:09,56 mi,00:14:48,02:33:38,13.1 mi,07:17:50
Carlos Traslosheros,1461,191,1884,2577,45-49,49,Intl State,MEX,---,700,00:50:19,1.2 mi,00:08:23,03:28:20,56 mi,00:07:02,02:43:47,13.1 mi,07:17:51
Thomas Miller,1462,3,1885,1567,70-74,73,UT,USA,---,2974,00:51:45,1.2 mi,00:09:15,03:44:20,56 mi,00:05:13,02:27:23,13.1 mi,07:17:56
Daniela Fernandez,424,84,1886,2175,30-34,37,---,MEX,---,767,00:58:06,1.2 mi,00:08:51,04:00:50,56 mi,00:06:37,02:03:41,13.1 mi,07:18:05
Celin Tompkins,425,85,1887,2255,30-34,37,CA,USA,---,764,00:51:54,1.2 mi,00:05:15,03:32:02,56 mi,00:04:05,02:44:57,13.1 mi,07:18:13
Jeremy Newman,1463,220,1888,2805,30-34,37,CA,USA,---,700,00:48:46,1.2 mi,00:10:20,03:40:46,56 mi,00:06:17,02:32:28,13.1 mi,07:18:37
Henry Brown,1464,72,1889,1450,55-59,61,CA,USA,---,935,00:54:10,1.2 mi,00:10:53,03:25:57,56 mi,00:06:51,02:40:51,13.1 mi,07:18:42
Greg Sherman,1465,73,1890,1496,55-59,63,CA,USA,---,914,00:51:32,1.2 mi,00:09:46,03:30:00,56 mi,00:09:24,02:39:08,13.1 mi,07:19:50
Lance Brown,1466,192,1891,2331,45-49,51,CA,USA,---,700,00:37:05,1.2 mi,00:10:27,03:56:24,56 mi,00:08:25,02:27:44,13.1 mi,07:20:05
Deniz Mater,426,79,1892,1636,40-44,48,CA,USA,---,1037,00:49:19,1.2 mi,00:06:52,03:55:49,56 mi,00:03:43,02:24:27,13.1 mi,07:20:10
Karin Bivens,427,2,1893,1985,65-69,72,AZ,USA,---,3020,00:56:12,1.2 mi,00:10:11,03:28:00,56 mi,00:04:11,02:41:39,13.1 mi,07:20:13
Tim Eaton,1467,280,1894,231,35-39,39,CA,USA,---,700,00:49:31,1.2 mi,00:07:30,03:49:35,56 mi,00:05:19,02:28:29,13.1 mi,07:20:24
Alicia Jackson,428,42,1895,1848,25-29,29,PA,USA,---,963,00:44:53,1.2 mi,00:05:08,04:14:20,56 mi,00:03:24,02:12:43,13.1 mi,07:20:28
Jung Kim,1468,334,1896,933,40-44,46,CA,USA,---,700,00:50:25,1.2 mi,00:09:48,03:45:39,56 mi,00:07:34,02:27:19,13.1 mi,07:20:45
Roman Kepczyk,1469,134,1897,1267,50-54,55,AZ,USA,---,700,00:41:17,1.2 mi,00:08:37,03:21:07,56 mi,00:12:11,02:57:33,13.1 mi,07:20:45
John-Russell Willis,1470,113,1898,693,25-29,30,TX,USA,---,700,01:36:58,1.2 mi,00:05:29,03:23:25,56 mi,00:03:23,02:11:34,13.1 mi,07:20:49
Renee Shaening,429,88,1899,2102,35-39,42,CA,USA,---,746,01:00:46,1.2 mi,00:13:00,03:52:58,56 mi,00:07:00,02:07:11,13.1 mi,07:20:55
Eugene Santos,1471,281,1900,441,35-39,41,CA,USA,---,700,01:33:20,1.2 mi,00:21:21,03:07:06,56 mi,00:13:31,02:05:39,13.1 mi,07:20:57
Kortney Gibson,430,89,1901,2047,35-39,39,TX,USA,---,743,00:50:29,1.2 mi,00:08:05,03:49:59,56 mi,00:06:05,02:26:29,13.1 mi,07:21:07
Daren Shumway,1472,193,1902,2543,45-49,50,AZ,USA,---,700,00:40:16,1.2 mi,00:06:45,03:33:47,56 mi,00:03:13,02:57:29,13.1 mi,07:21:30
Daniel Grassmeier,1473,282,1903,268,35-39,43,CA,USA,---,700,00:48:31,1.2 mi,00:08:21,03:32:16,56 mi,00:05:20,02:47:03,13.1 mi,07:21:31
Jomel Fampulme,1474,283,1904,238,35-39,43,CA,USA,---,700,01:01:02,1.2 mi,00:07:38,03:40:20,56 mi,00:04:03,02:28:41,13.1 mi,07:21:44
Michael Witkowski,1475,194,1905,2601,45-49,52,CO,USA,---,700,00:52:04,1.2 mi,00:07:56,03:37:59,56 mi,00:05:14,02:38:32,13.1 mi,07:21:45
Chris Johnston,1476,114,1906,632,25-29,31,CA,USA,---,700,00:53:59,1.2 mi,00:10:58,03:17:00,56 mi,00:09:00,02:51:05,13.1 mi,07:22:02
Jerod Mccully,1477,221,1907,2787,30-34,36,CA,USA,---,700,00:45:09,1.2 mi,00:06:57,03:26:54,56 mi,00:07:24,02:55:38,13.1 mi,07:22:02
Alex Jackson,1478,115,1908,630,25-29,31,PA,USA,---,700,00:54:52,1.2 mi,00:05:40,03:25:38,56 mi,00:05:38,02:50:27,13.1 mi,07:22:15
Matt Root,1479,195,1909,2527,45-49,50,CA,USA,---,700,00:54:23,1.2 mi,00:08:17,03:50:42,56 mi,00:03:55,02:24:58,13.1 mi,07:22:15
Mitch Harris,1480,335,1910,896,40-44,45,CA,USA,---,700,00:44:50,1.2 mi,00:12:26,03:50:35,56 mi,00:05:45,02:28:41,13.1 mi,07:22:17
Suson Mclellan,431,34,1911,1941,50-54,58,CA,USA,---,1020,00:53:45,1.2 mi,00:14:38,03:45:47,56 mi,00:04:47,02:23:25,13.1 mi,07:22:22
Melissa Armstrong,432,90,1912,1993,35-39,39,CA,USA,---,719,00:45:26,1.2 mi,00:08:36,03:47:33,56 mi,00:06:31,02:34:21,13.1 mi,07:22:27
Chad Woodard,1481,222,1913,2907,30-34,37,CA,USA,---,700,01:00:54,1.2 mi,00:08:03,03:35:40,56 mi,00:03:24,02:34:27,13.1 mi,07:22:28
Kay Ward,433,80,1914,1699,40-44,47,UT,USA,---,989,00:51:08,1.2 mi,00:09:56,03:49:29,56 mi,00:05:59,02:26:20,13.1 mi,07:22:52
Tyson Koerper,1482,223,1915,2756,30-34,36,AZ,USA,---,700,00:42:14,1.2 mi,00:09:28,03:51:51,56 mi,00:04:29,02:36:21,13.1 mi,07:24:23
Jesse Wommack,1483,135,1916,1236,50-54,54,CA,USA,---,700,00:56:22,1.2 mi,00:10:47,03:29:39,56 mi,00:05:38,02:42:35,13.1 mi,07:25:01
Nicole Brogdon,434,86,1917,2157,30-34,37,CA,USA,---,700,00:50:18,1.2 mi,00:11:40,03:45:51,56 mi,00:06:17,02:31:09,13.1 mi,07:25:15
Bryce Basey,1484,74,1918,1485,55-59,62,AZ,USA,---,808,01:02:16,1.2 mi,00:11:41,03:30:08,56 mi,00:04:07,02:37:33,13.1 mi,07:25:45
Joseph Gentile,1485,224,1919,2712,30-34,33,CA,USA,---,700,00:46:27,1.2 mi,00:08:59,03:53:42,56 mi,00:03:57,02:32:54,13.1 mi,07:25:59
Harlan Mekelburg,1486,32,1920,1543,60-64,68,CO,USA,---,1085,00:52:53,1.2 mi,00:11:07,03:45:39,56 mi,00:07:23,02:29:09,13.1 mi,07:26:11
James Hozik,1487,10,1921,1560,65-69,71,VA,USA,---,1273,00:47:45,1.2 mi,00:19:23,03:43:27,56 mi,00:06:28,02:29:16,13.1 mi,07:26:19
Kathryn Burton Gray,435,35,1922,1910,50-54,57,CA,USA,---,949,00:57:45,1.2 mi,00:12:06,03:36:06,56 mi,00:07:30,02:32:52,13.1 mi,07:26:19
Edgar Uyan,1488,336,1923,1138,40-44,45,CA,USA,---,700,00:47:06,1.2 mi,00:09:55,03:20:55,56 mi,00:07:43,03:00:41,13.1 mi,07:26:20
Gretchen Crowson,436,87,1924,2166,30-34,36,CA,USA,---,700,00:55:37,1.2 mi,00:07:12,04:02:31,56 mi,00:02:21,02:18:49,13.1 mi,07:26:30
Sal Maldonado,1489,11,1925,1555,65-69,70,---,USA,---,1268,00:44:01,1.2 mi,00:10:23,03:31:26,56 mi,00:05:41,02:55:06,13.1 mi,07:26:37
Jay Pettit,1490,225,1926,2822,30-34,36,CA,USA,---,700,00:54:32,1.2 mi,00:09:53,03:32:02,56 mi,00:05:48,02:44:24,13.1 mi,07:26:39
Evan Palomeque,1491,337,1927,1033,40-44,44,CA,USA,---,700,01:01:01,1.2 mi,00:06:54,03:15:56,56 mi,00:06:51,02:56:18,13.1 mi,07:27:00
Brandon Leigh,1492,226,1928,2769,30-34,36,---,USA,---,700,00:54:43,1.2 mi,00:05:53,03:49:45,56 mi,00:04:32,02:32:09,13.1 mi,07:27:02
Kurt Lindorfer,1493,136,1929,1345,50-54,57,CA,USA,---,700,00:58:50,1.2 mi,00:10:38,03:28:52,56 mi,00:07:59,02:40:50,13.1 mi,07:27:09
Paul Keller,1494,75,1930,1491,55-59,62,---,USA,---,782,00:45:43,1.2 mi,00:09:08,03:23:59,56 mi,00:07:48,03:00:34,13.1 mi,07:27:12
Teresa Lambert,437,36,1931,1936,50-54,57,CA,USA,---,932,00:51:20,1.2 mi,00:08:03,04:01:35,56 mi,00:05:10,02:21:08,13.1 mi,07:27:16
Matthew Shobert,1495,137,1932,1225,50-54,54,CA,USA,---,700,01:03:35,1.2 mi,00:09:33,03:44:01,56 mi,00:02:42,02:27:48,13.1 mi,07:27:39
Marybeth Ratzlaff,438,57,1933,1802,45-49,49,CA,USA,---,982,01:03:05,1.2 mi,00:14:20,04:01:46,56 mi,00:04:18,02:04:16,13.1 mi,07:27:45
Johanna Alandt,439,17,1934,2267,55-59,61,CA,USA,---,1366,00:55:37,1.2 mi,00:12:09,03:53:13,56 mi,00:04:17,02:22:31,13.1 mi,07:27:47
Michele Criscuoli,440,88,1935,2143,30-34,36,CA,USA,---,700,00:51:51,1.2 mi,00:08:57,03:47:50,56 mi,00:05:24,02:33:53,13.1 mi,07:27:55
Catherine Holl,441,18,1936,2278,55-59,61,CA,USA,---,1361,00:54:46,1.2 mi,00:07:29,03:53:59,56 mi,00:05:13,02:26:38,13.1 mi,07:28:05
Cherie Kono,442,43,1937,1868,25-29,29,CA,USA,---,825,00:49:15,1.2 mi,00:04:10,03:47:36,56 mi,00:02:52,02:44:14,13.1 mi,07:28:07
Amy Moore,443,44,1938,1877,25-29,29,WA,USA,---,824,00:40:10,1.2 mi,00:10:46,04:09:39,56 mi,00:06:15,02:21:21,13.1 mi,07:28:11
Gerson Montiel,1496,284,1939,368,35-39,41,CA,USA,---,700,00:52:30,1.2 mi,00:07:21,03:29:16,56 mi,00:07:01,02:52:23,13.1 mi,07:28:31
Kim Robins,444,58,1940,1805,45-49,50,UT,USA,---,964,00:52:33,1.2 mi,00:12:00,03:40:27,56 mi,00:07:40,02:36:04,13.1 mi,07:28:44
Michael Christian,1497,227,1941,2662,30-34,34,CA,USA,---,700,00:52:40,1.2 mi,00:11:24,03:43:11,56 mi,00:04:56,02:36:49,13.1 mi,07:29:00
Ryan Erickson,1498,116,1942,599,25-29,33,CA,USA,---,700,00:46:18,1.2 mi,00:06:07,03:53:02,56 mi,00:03:44,02:40:01,13.1 mi,07:29:12
Kelly Sik,1499,196,1943,2544,45-49,53,CA,USA,---,700,00:58:10,1.2 mi,00:07:15,03:50:38,56 mi,00:04:19,02:28:52,13.1 mi,07:29:14
Jessica Howard,445,89,1944,2198,30-34,34,TX,USA,---,700,01:10:57,1.2 mi,00:07:59,03:49:32,56 mi,00:04:51,02:16:12,13.1 mi,07:29:31
Joel Betz,1500,285,1945,165,35-39,43,AZ,USA,---,700,00:37:52,1.2 mi,00:06:30,03:34:11,56 mi,00:05:17,03:05:42,13.1 mi,07:29:32
Kristin Pendley,446,81,1946,1653,40-44,46,CA,USA,---,863,00:44:21,1.2 mi,00:15:37,03:54:50,56 mi,00:11:49,02:23:13,13.1 mi,07:29:50
Erik Van Tuyl,1501,32,1947,548,18-24,23,CA,USA,---,700,00:49:10,1.2 mi,00:08:33,03:43:01,56 mi,00:06:01,02:43:11,13.1 mi,07:29:56
Douglas Hartman,1502,138,1948,1341,50-54,57,VA,USA,---,700,01:07:58,1.2 mi,00:06:39,03:34:26,56 mi,00:03:33,02:37:29,13.1 mi,07:30:05
Matthew Reilly,1503,228,1949,2834,30-34,38,CA,USA,---,700,00:28:29,1.2 mi,00:07:52,04:22:42,56 mi,00:05:25,02:25:39,13.1 mi,07:30:07
Christopher Galletta,1504,197,1950,2404,45-49,49,CA,USA,---,700,00:47:17,1.2 mi,00:09:02,03:56:01,56 mi,00:04:04,02:34:45,13.1 mi,07:31:09
Jill Hansen,447,59,1951,1751,45-49,49,CA,USA,---,912,00:43:01,1.2 mi,00:11:15,03:56:25,56 mi,00:05:27,02:35:30,13.1 mi,07:31:38
Douglas Sluyk,1505,338,1952,1100,40-44,47,AZ,USA,---,700,00:46:01,1.2 mi,00:11:57,03:39:50,56 mi,00:05:22,02:48:30,13.1 mi,07:31:40
Patrick Moneymaker,1506,12,1953,1557,65-69,70,VA,USA,---,1177,00:45:10,1.2 mi,00:08:14,03:26:50,56 mi,00:08:10,03:03:16,13.1 mi,07:31:40
Mark Han,1507,339,1954,888,40-44,46,CA,USA,---,700,00:57:56,1.2 mi,00:10:21,03:41:58,56 mi,00:04:45,02:37:18,13.1 mi,07:32:18
Allan Rosen,1508,33,1955,1536,60-64,67,HI,USA,---,965,00:40:32,1.2 mi,00:08:13,03:28:04,56 mi,00:04:31,03:11:32,13.1 mi,07:32:52
John Kerr,1509,139,1956,1202,50-54,53,CA,USA,---,700,00:41:07,1.2 mi,00:09:22,03:51:46,56 mi,00:06:30,02:44:15,13.1 mi,07:33:00
Katherine Ahlers,448,45,1957,1832,25-29,33,CA,USA,---,731,00:42:07,1.2 mi,00:08:08,03:54:53,56 mi,00:05:39,02:42:33,13.1 mi,07:33:20
Mitch Gerber,1510,198,1958,2410,45-49,52,CA,USA,---,700,00:46:42,1.2 mi,00:09:50,03:38:02,56 mi,00:11:45,02:47:03,13.1 mi,07:33:22
Amy Wiser,449,91,1959,2134,35-39,38,OR,USA,---,700,00:54:36,1.2 mi,00:07:03,03:35:46,56 mi,00:04:00,02:52:12,13.1 mi,07:33:37
Corina Antal,450,46,1960,1836,25-29,30,CA,USA,---,725,00:46:58,1.2 mi,00:13:09,03:51:14,56 mi,00:02:59,02:39:23,13.1 mi,07:33:43
James Sola,1511,199,1961,2554,45-49,53,CA,USA,---,700,00:48:42,1.2 mi,00:06:45,03:50:54,56 mi,00:03:17,02:44:40,13.1 mi,07:34:18
Jay Mersch,1512,34,1962,1527,60-64,66,CA,USA,---,924,00:44:55,1.2 mi,00:17:34,03:34:43,56 mi,00:08:52,02:49:04,13.1 mi,07:35:08
Kyramorgan Herrick,451,82,1963,1616,40-44,44,CA,USA,---,768,00:51:15,1.2 mi,00:06:39,03:42:25,56 mi,00:05:36,02:49:13,13.1 mi,07:35:08
James Mills,1513,340,1964,1000,40-44,47,AZ,USA,---,700,00:48:24,1.2 mi,00:11:40,04:10:08,56 mi,00:05:35,02:19:28,13.1 mi,07:35:15
Victoria Francis,452,37,1965,1919,50-54,55,CA,USA,---,768,00:45:10,1.2 mi,00:07:14,03:30:26,56 mi,00:06:23,03:07:10,13.1 mi,07:36:23
Marcus Serrano,1514,200,1966,2540,45-49,53,CA,USA,---,700,00:50:56,1.2 mi,00:07:47,03:23:43,56 mi,00:03:18,03:11:33,13.1 mi,07:37:17
Steve Lavering,1515,140,1967,1344,50-54,57,CA,USA,---,700,00:46:25,1.2 mi,00:11:27,03:35:54,56 mi,00:07:50,02:56:01,13.1 mi,07:37:37
John Anderson,1516,35,1968,1541,60-64,67,CA,USA,---,878,00:56:49,1.2 mi,00:08:52,03:46:13,56 mi,00:13:53,02:31:55,13.1 mi,07:37:42
Frederick Santa Ana,1517,286,1969,440,35-39,42,CA,USA,---,700,01:03:59,1.2 mi,00:13:38,03:56:24,56 mi,00:08:36,02:15:24,13.1 mi,07:38:01
Nathan Sage,1518,117,1970,667,25-29,29,NV,USA,---,700,00:51:54,1.2 mi,00:09:15,03:38:00,56 mi,00:08:06,02:50:47,13.1 mi,07:38:02
Hui Sung Choe,453,60,1971,1731,45-49,50,CA,USA,---,797,00:56:17,1.2 mi,00:10:07,03:28:57,56 mi,00:07:45,02:54:57,13.1 mi,07:38:03
Randy Soriano,1519,287,1972,458,35-39,38,CA,USA,---,700,00:57:13,1.2 mi,00:09:53,03:38:06,56 mi,00:04:18,02:48:37,13.1 mi,07:38:07
Robin Littrell,454,38,1973,2281,50-54,56,CA,USA,---,737,00:34:59,1.2 mi,00:08:20,03:51:45,56 mi,00:05:26,02:57:37,13.1 mi,07:38:07
Laura Goff,455,61,1974,1725,45-49,48,CA,USA,---,791,00:51:23,1.2 mi,00:08:07,04:04:36,56 mi,00:04:32,02:29:43,13.1 mi,07:38:21
Marianne Grossman,456,19,1975,2276,55-59,59,CA,USA,---,1169,00:42:16,1.2 mi,00:09:39,03:48:16,56 mi,00:06:06,02:52:25,13.1 mi,07:38:42
James Hardy,1520,76,1976,1401,55-59,59,UT,USA,---,700,00:39:19,1.2 mi,00:07:07,04:12:30,56 mi,00:08:28,02:31:19,13.1 mi,07:38:43
Nathan Crum,1521,288,1977,208,35-39,40,CA,USA,---,700,00:49:54,1.2 mi,00:08:39,03:47:47,56 mi,00:06:02,02:46:53,13.1 mi,07:39:15
Kathi Cover,457,83,1978,1595,40-44,46,MD,USA,---,700,00:47:50,1.2 mi,00:07:12,03:57:48,56 mi,00:05:41,02:41:28,13.1 mi,07:39:59
Ryan Snuggs,1522,33,1979,547,18-24,26,CA,USA,---,700,00:53:33,1.2 mi,00:10:54,04:08:27,56 mi,00:06:13,02:20:53,13.1 mi,07:40:00
Ian Campbell,1523,201,1980,2343,45-49,50,CA,USA,---,700,00:39:47,1.2 mi,00:08:47,03:16:47,56 mi,00:05:03,03:29:38,13.1 mi,07:40:02
Dana Wilson,458,62,1981,1829,45-49,52,CA,USA,---,759,01:03:57,1.2 mi,00:14:09,03:49:08,56 mi,00:06:31,02:26:24,13.1 mi,07:40:09
Denise Likar,459,84,1982,1634,40-44,44,CA,USA,---,700,00:51:29,1.2 mi,00:07:00,04:09:13,56 mi,00:03:23,02:29:09,13.1 mi,07:40:14
Juan Guerrero,1524,229,1983,2722,30-34,35,CA,USA,---,700,00:45:10,1.2 mi,00:10:11,03:48:13,56 mi,00:07:13,02:49:28,13.1 mi,07:40:15
Dave Cox,1525,77,1984,1470,55-59,61,UT,USA,---,700,00:34:59,1.2 mi,00:11:57,03:55:21,56 mi,00:08:11,02:49:49,13.1 mi,07:40:17
James Lasky,1526,202,1985,2452,45-49,50,IL,USA,---,700,00:45:42,1.2 mi,00:10:32,03:36:11,56 mi,00:05:04,03:03:07,13.1 mi,07:40:36
Jan Tunnicliff,1527,36,1986,1537,60-64,66,CA,USA,---,824,00:54:44,1.2 mi,00:08:00,03:39:45,56 mi,00:04:14,02:54:00,13.1 mi,07:40:43
Galen Mccallum,460,85,1987,1637,40-44,43,UT,USA,---,700,00:38:16,1.2 mi,00:08:36,03:58:25,56 mi,00:05:09,02:50:23,13.1 mi,07:40:49
Manuel Garcia,1528,230,1988,2707,30-34,37,CA,USA,---,700,00:56:41,1.2 mi,00:07:30,03:52:41,56 mi,00:02:59,02:41:18,13.1 mi,07:41:09
Kristi Mceneaney,461,86,1989,1639,40-44,44,IL,USA,---,700,00:53:07,1.2 mi,00:11:08,03:51:52,56 mi,00:03:55,02:41:19,13.1 mi,07:41:21
Eric Bashaw,1529,289,1990,154,35-39,42,CA,USA,---,700,00:43:14,1.2 mi,00:11:07,03:34:27,56 mi,00:07:52,03:04:47,13.1 mi,07:41:27
Deirdre Geary,462,87,1991,1607,40-44,47,CA,USA,---,700,00:45:22,1.2 mi,00:11:24,03:44:05,56 mi,00:07:55,02:52:41,13.1 mi,07:41:27
Bill Snyder,1530,231,1992,2869,30-34,38,CA,USA,---,700,00:55:45,1.2 mi,00:06:31,03:43:50,56 mi,00:05:06,02:50:25,13.1 mi,07:41:37
Robert Murray,1531,290,1993,373,35-39,40,CA,USA,---,700,00:53:17,1.2 mi,00:05:21,03:32:21,56 mi,00:05:12,03:05:29,13.1 mi,07:41:40
Kevin Malone,1532,37,1994,1518,60-64,64,CA,USA,---,805,00:47:40,1.2 mi,00:14:19,03:55:49,56 mi,00:11:00,02:32:57,13.1 mi,07:41:45
Brant Goldreyer,1533,141,1995,1198,50-54,54,CA,USA,---,700,00:40:01,1.2 mi,00:10:49,03:42:40,56 mi,00:10:17,02:58:09,13.1 mi,07:41:56
Erin Searfoss,463,88,1996,1670,40-44,46,CA,USA,---,700,00:55:12,1.2 mi,00:13:19,03:45:43,56 mi,00:07:00,02:40:50,13.1 mi,07:42:04
Justin Curtis Jr,1534,341,1997,796,40-44,48,CA,USA,---,700,00:39:44,1.2 mi,00:11:37,03:56:00,56 mi,00:08:14,02:47:09,13.1 mi,07:42:44
Jerry Gallegos,1535,203,1998,2403,45-49,53,CA,USA,---,700,00:48:23,1.2 mi,00:10:48,03:55:44,56 mi,00:04:40,02:43:21,13.1 mi,07:42:56
Josh Williams,1536,342,1999,1166,40-44,45,CA,USA,---,700,00:45:50,1.2 mi,00:15:23,03:16:27,56 mi,00:11:06,03:14:17,13.1 mi,07:43:03
Debbie Watry,464,39,2000,1971,50-54,55,CA,USA,---,700,00:45:03,1.2 mi,00:13:33,03:52:21,56 mi,00:05:10,02:47:10,13.1 mi,07:43:17
Stephen Beatty,1537,291,2001,158,35-39,39,CA,USA,---,700,01:35:14,1.2 mi,00:13:21,03:36:03,56 mi,00:11:37,02:07:15,13.1 mi,07:43:30
Scott Bradley,1538,343,2002,744,40-44,43,AZ,USA,---,700,00:43:42,1.2 mi,00:10:55,03:28:07,56 mi,00:07:20,03:13:28,13.1 mi,07:43:32
Lydia Martinez,465,63,2003,1778,45-49,50,CA,USA,---,700,01:01:13,1.2 mi,00:06:41,04:04:29,56 mi,00:03:49,02:27:23,13.1 mi,07:43:35
Ginger Noble,466,40,2004,1946,50-54,54,---,USA,---,700,00:52:33,1.2 mi,00:07:52,04:00:12,56 mi,00:05:18,02:37:57,13.1 mi,07:43:52
Darlene Savage,467,41,2005,1960,50-54,57,NV,USA,---,700,00:54:17,1.2 mi,00:06:34,03:51:23,56 mi,00:04:08,02:47:35,13.1 mi,07:43:57
Gerardo Garcia,1539,118,2006,612,25-29,32,CA,USA,---,700,00:49:40,1.2 mi,00:15:32,04:06:22,56 mi,00:11:33,02:21:14,13.1 mi,07:44:21
Kim Suttles,468,90,2007,2253,30-34,35,CA,USA,---,700,00:52:01,1.2 mi,00:09:15,04:17:08,56 mi,00:03:13,02:22:45,13.1 mi,07:44:22
Evan Nicholas,1540,119,2008,650,25-29,32,CA,USA,---,700,00:57:57,1.2 mi,00:07:24,03:36:40,56 mi,00:06:52,02:55:49,13.1 mi,07:44:42
Jeanette Davey,469,64,2009,1736,45-49,52,NY,USA,---,700,00:45:43,1.2 mi,00:04:44,04:06:12,56 mi,00:05:22,02:42:41,13.1 mi,07:44:42
Erin Ali,470,47,2010,1833,25-29,29,CA,USA,---,700,00:46:31,1.2 mi,00:12:59,03:47:46,56 mi,00:08:54,02:48:43,13.1 mi,07:44:53
Kimberly Shah,471,91,2011,2247,30-34,38,IL,USA,---,700,00:38:33,1.2 mi,00:12:48,04:22:40,56 mi,00:05:28,02:25:37,13.1 mi,07:45:06
Diane Jackson,472,20,2012,2279,55-59,61,NH,USA,---,1049,00:51:35,1.2 mi,00:07:27,04:02:30,56 mi,00:04:30,02:39:22,13.1 mi,07:45:24
Frederick Crook,1541,204,2013,2361,45-49,50,CA,USA,---,700,00:39:05,1.2 mi,00:09:21,03:38:50,56 mi,00:03:37,03:14:35,13.1 mi,07:45:28
Anthony So,1542,120,2014,676,25-29,29,CA,USA,---,700,00:45:32,1.2 mi,00:07:28,03:39:46,56 mi,00:08:47,03:03:59,13.1 mi,07:45:32
Lisa Serrano,473,65,2015,1810,45-49,53,CA,USA,---,700,00:53:29,1.2 mi,00:07:37,03:31:07,56 mi,00:04:39,03:08:52,13.1 mi,07:45:44
Ioan Miftode,1543,344,2016,999,40-44,43,AZ,USA,---,700,00:50:21,1.2 mi,00:14:16,03:43:31,56 mi,00:11:35,02:46:29,13.1 mi,07:46:12
Peter Hochuli,1544,78,2017,1455,55-59,61,AZ,USA,---,700,00:42:22,1.2 mi,00:15:26,03:28:08,56 mi,00:05:53,03:14:24,13.1 mi,07:46:13
Judy Wade,474,66,2018,1825,45-49,50,CA,USA,---,700,00:57:09,1.2 mi,00:14:57,03:54:50,56 mi,00:04:01,02:36:00,13.1 mi,07:46:57
Sabine Schellscheidt,475,42,2019,1961,50-54,55,Hamburg,DEU,---,700,00:48:43,1.2 mi,00:07:23,03:52:20,56 mi,00:06:45,02:51:48,13.1 mi,07:46:59
Todd Martin,1545,345,2020,975,40-44,45,AZ,USA,---,700,00:54:40,1.2 mi,00:08:14,03:42:46,56 mi,00:06:35,02:55:13,13.1 mi,07:47:28
Nicole Robinson,476,92,2021,2097,35-39,39,BC,CAN,---,700,00:57:04,1.2 mi,00:09:15,03:56:24,56 mi,00:05:29,02:39:18,13.1 mi,07:47:30
Steve Corbin,1546,142,2022,1187,50-54,53,CA,USA,---,700,00:42:23,1.2 mi,00:12:36,04:03:23,56 mi,00:09:39,02:39:36,13.1 mi,07:47:37
Eric Tanner,1547,143,2023,1356,50-54,56,CA,USA,---,700,00:30:31,1.2 mi,00:10:27,03:38:53,56 mi,00:04:38,03:23:47,13.1 mi,07:48:16
Karen Aydelott,477,1,2024,114,PC,70,CA,USA,---,700,00:41:39,1.2 mi,00:09:04,03:24:03,56 mi,00:08:18,03:25:33,13.1 mi,07:48:37
Cathie Ellis,478,4,2025,1976,60-64,65,CA,USA,---,2031,00:45:51,1.2 mi,00:08:59,04:07:49,56 mi,00:03:51,02:42:12,13.1 mi,07:48:42
Ruth Chow,479,5,2026,1975,60-64,65,NM,USA,---,2024,00:54:45,1.2 mi,00:26:08,03:43:35,56 mi,00:09:33,02:35:03,13.1 mi,07:49:04
Sarah Kissell,480,93,2027,2046,35-39,39,CA,USA,---,700,00:47:18,1.2 mi,00:08:15,04:14:11,56 mi,00:05:37,02:34:19,13.1 mi,07:49:40
Caritta Lee,481,94,2028,2054,35-39,39,CA,USA,---,700,00:50:16,1.2 mi,00:08:32,03:53:27,56 mi,00:04:28,02:53:54,13.1 mi,07:50:37
Sean Degrave,1548,232,2029,2678,30-34,35,CA,USA,---,700,00:43:25,1.2 mi,00:06:52,03:50:29,56 mi,00:05:12,03:04:59,13.1 mi,07:50:57
Joannah Rivera-Santa Ana,482,95,2030,2096,35-39,39,CA,USA,---,700,00:49:21,1.2 mi,00:09:02,04:12:24,56 mi,00:07:25,02:33:30,13.1 mi,07:51:42
Brett Drogmund,1549,346,2031,815,40-44,44,CA,USA,---,700,00:39:55,1.2 mi,00:11:45,04:01:47,56 mi,00:06:07,02:52:35,13.1 mi,07:52:09
Pete Vara,1550,292,2032,487,35-39,43,CA,USA,---,700,00:44:02,1.2 mi,00:04:32,03:51:40,56 mi,00:03:40,03:08:25,13.1 mi,07:52:19
Jin Park,1551,347,2033,1036,40-44,48,CA,USA,---,700,00:57:29,1.2 mi,00:11:10,03:41:27,56 mi,00:05:31,02:56:51,13.1 mi,07:52:28
Joseph Collins,1552,233,2034,2667,30-34,36,CA,USA,---,700,00:40:13,1.2 mi,00:10:14,03:45:44,56 mi,00:05:06,03:11:23,13.1 mi,07:52:40
Lote Kinney,1553,79,2035,1456,55-59,61,CA,USA,---,700,00:50:43,1.2 mi,00:12:00,03:32:22,56 mi,00:07:07,03:11:07,13.1 mi,07:53:19
Shanewit Nopkhun,1554,234,2036,2809,30-34,36,VA,USA,---,700,00:49:13,1.2 mi,00:09:56,04:02:01,56 mi,00:05:49,02:46:23,13.1 mi,07:53:22
Mark Fitzgerald,1555,121,2037,603,25-29,32,CA,USA,---,700,00:46:36,1.2 mi,00:09:33,03:30:55,56 mi,00:04:40,03:21:59,13.1 mi,07:53:43
Mark Mcmillan,1556,205,2038,2479,45-49,50,CA,USA,---,700,00:44:13,1.2 mi,00:11:51,03:49:42,56 mi,00:06:47,03:01:18,13.1 mi,07:53:51
Yuriana Ornelas,483,48,2039,1880,25-29,32,CA,USA,---,700,00:59:20,1.2 mi,00:05:37,04:08:58,56 mi,00:03:31,02:36:26,13.1 mi,07:53:52
Karin Jozefowski,484,96,2040,2043,35-39,43,AZ,USA,---,700,00:46:46,1.2 mi,00:11:38,03:47:42,56 mi,00:07:02,03:00:44,13.1 mi,07:53:52
Luther Mangoba,1557,293,2041,354,35-39,43,CA,USA,---,700,00:55:51,1.2 mi,00:16:44,03:53:19,56 mi,00:09:53,02:38:27,13.1 mi,07:54:14
Kaare Holm,1558,206,2042,2429,45-49,53,CA,USA,---,700,01:02:59,1.2 mi,00:12:37,03:32:43,56 mi,00:15:34,02:50:45,13.1 mi,07:54:38
Lacie Marshall,485,92,2043,2224,30-34,36,CA,USA,---,700,00:54:23,1.2 mi,00:07:08,04:06:51,56 mi,00:06:32,02:39:55,13.1 mi,07:54:49
Wiesia Zielinska,486,6,2044,1983,60-64,64,---,USA,---,1910,01:00:33,1.2 mi,00:10:51,04:14:47,56 mi,00:02:42,02:26:30,13.1 mi,07:55:23
Rachel Smith,487,97,2045,2106,35-39,40,CA,USA,---,700,00:43:42,1.2 mi,00:10:34,04:32:55,56 mi,00:03:54,02:24:47,13.1 mi,07:55:52
John Otterson,1559,207,2046,2497,45-49,52,CA,USA,---,700,00:43:02,1.2 mi,00:07:17,03:41:29,56 mi,00:03:38,03:21:12,13.1 mi,07:56:38
Steven Vargas,1560,294,2047,488,35-39,40,CA,USA,---,700,00:59:57,1.2 mi,00:14:21,04:07:08,56 mi,00:08:47,02:27:13,13.1 mi,07:57:26
Randy Lee,1561,144,2048,1271,50-54,55,CA,USA,---,700,00:53:15,1.2 mi,00:08:02,03:50:38,56 mi,00:04:42,03:01:10,13.1 mi,07:57:47
David Tetting,1562,348,2049,1125,40-44,48,CA,USA,---,700,00:42:32,1.2 mi,00:13:04,03:38:11,56 mi,00:09:26,03:14:59,13.1 mi,07:58:12
Mandy Enriquez,488,49,2050,1855,25-29,30,CA,USA,---,700,00:41:59,1.2 mi,00:07:34,04:25:00,56 mi,00:03:35,02:40:57,13.1 mi,07:59:05
Ron Restivo,1563,13,2051,1550,65-69,69,CA,USA,---,700,00:53:41,1.2 mi,00:09:02,03:54:12,56 mi,00:04:56,02:57:24,13.1 mi,07:59:15
Thieu Ton,1564,145,2052,1291,50-54,55,CA,USA,---,700,01:13:03,1.2 mi,00:07:38,03:43:39,56 mi,00:07:14,02:48:03,13.1 mi,07:59:37
Michael Roubicek,1565,80,2053,1417,55-59,59,CA,USA,---,700,01:28:53,1.2 mi,00:12:32,03:44:12,56 mi,00:08:42,02:25:22,13.1 mi,07:59:41
Stephen Harris,1566,146,2054,1261,50-54,55,---,USA,---,700,01:03:57,1.2 mi,00:08:46,03:50:51,56 mi,00:03:08,02:53:00,13.1 mi,07:59:42
Jenny Scanlan,489,89,2055,1666,40-44,48,CA,USA,---,700,00:47:48,1.2 mi,00:14:20,04:08:36,56 mi,00:09:26,02:39:48,13.1 mi,07:59:58
Kathy Maxfield,490,67,2056,1782,45-49,51,CA,USA,---,700,00:50:15,1.2 mi,00:08:39,03:55:03,56 mi,00:05:20,03:01:29,13.1 mi,08:00:46
Forest Hansen,1567,208,2057,2420,45-49,51,CA,USA,---,700,00:57:49,1.2 mi,00:10:24,03:42:03,56 mi,00:04:38,03:05:53,13.1 mi,08:00:47
Jessie Shea Mcgovern,491,93,2058,2248,30-34,35,CA,USA,---,700,01:00:58,1.2 mi,00:13:14,04:18:04,56 mi,00:06:03,02:22:32,13.1 mi,08:00:51
Jim Pritchard,1568,147,2059,1215,50-54,54,CA,USA,---,700,00:59:39,1.2 mi,00:09:28,03:37:43,56 mi,00:05:36,03:08:41,13.1 mi,08:01:07
Mark Casas,1569,235,2060,2655,30-34,36,---,USA,---,700,01:12:46,1.2 mi,00:05:31,04:02:52,56 mi,00:03:49,02:36:13,13.1 mi,08:01:11
Bita Sistani,492,68,2061,1813,45-49,49,CA,USA,---,700,00:58:39,1.2 mi,00:07:37,03:51:55,56 mi,00:05:57,02:57:04,13.1 mi,08:01:12
Lauren Webb,493,50,2062,1900,25-29,32,CA,USA,---,700,00:49:43,1.2 mi,00:05:54,04:16:07,56 mi,00:04:10,02:45:34,13.1 mi,08:01:28
Mike Peasley,1570,349,2063,1041,40-44,46,CA,USA,---,700,00:46:17,1.2 mi,00:14:13,03:38:30,56 mi,00:07:27,03:15:37,13.1 mi,08:02:04
"Wais Arsala, Md",1571,236,2064,2621,30-34,35,CA,USA,---,700,01:03:15,1.2 mi,00:07:46,04:02:31,56 mi,00:05:17,02:43:43,13.1 mi,08:02:32
Karen Northcutt,494,43,2065,1947,50-54,54,HI,USA,---,700,00:48:15,1.2 mi,00:11:28,03:54:24,56 mi,00:05:35,03:03:20,13.1 mi,08:03:02
Ricardo Carrillo,1572,122,2066,578,25-29,30,CA,USA,---,700,00:32:57,1.2 mi,00:07:31,03:54:15,56 mi,00:03:58,03:24:24,13.1 mi,08:03:05
Patty Kormanik,495,44,2067,1934,50-54,54,CA,USA,---,700,00:41:38,1.2 mi,00:13:03,03:49:02,56 mi,00:05:08,03:14:27,13.1 mi,08:03:18
Kathy Weigel,496,69,2068,1827,45-49,52,CA,USA,---,700,00:46:23,1.2 mi,00:13:43,04:16:42,56 mi,00:08:22,02:39:30,13.1 mi,08:04:40
Kerry Heaton,1573,295,2069,282,35-39,40,AZ,USA,---,700,00:53:05,1.2 mi,00:09:33,03:53:10,56 mi,00:05:52,03:03:06,13.1 mi,08:04:46
Sarah Cano,497,94,2070,2162,30-34,35,UT,USA,---,700,01:11:30,1.2 mi,00:11:54,04:05:59,56 mi,00:06:36,02:29:24,13.1 mi,08:05:23
Nicole Fong,498,95,2071,2179,30-34,34,CA,USA,---,700,01:01:52,1.2 mi,00:06:15,04:12:24,56 mi,00:03:54,02:42:56,13.1 mi,08:07:21
Kendall Schorr,1574,209,2072,2538,45-49,50,CA,USA,---,700,00:42:12,1.2 mi,00:07:35,04:06:48,56 mi,00:05:28,03:05:20,13.1 mi,08:07:23
Joseph Trujillo,1575,237,2073,2880,30-34,38,CA,USA,---,700,00:45:41,1.2 mi,00:06:44,04:08:11,56 mi,00:03:29,03:03:45,13.1 mi,08:07:50
Vinod Dasika,1576,148,2074,1309,50-54,56,---,USA,---,700,00:47:57,1.2 mi,00:14:11,04:11:57,56 mi,00:09:48,02:44:37,13.1 mi,08:08:30
Richard Craft,1577,149,2075,1188,50-54,54,CA,USA,---,700,00:58:54,1.2 mi,00:07:47,03:45:21,56 mi,00:03:20,03:14:14,13.1 mi,08:09:36
Segundino Delacruz,1578,210,2076,2374,45-49,51,CA,USA,---,700,01:05:21,1.2 mi,00:09:00,03:59:31,56 mi,00:05:06,02:51:35,13.1 mi,08:10:33
Wonki Kim,1579,238,2077,2755,30-34,37,CA,USA,---,700,00:54:19,1.2 mi,00:08:42,04:24:33,56 mi,00:12:25,02:30:44,13.1 mi,08:10:43
Robin Weber,499,90,2078,1700,40-44,46,CA,USA,---,700,00:56:27,1.2 mi,00:14:53,04:11:42,56 mi,00:07:36,02:40:08,13.1 mi,08:10:46
Catherine  lazarz,500,70,2079,1771,45-49,52,CA,USA,---,700,00:55:07,1.2 mi,00:09:45,04:10:19,56 mi,00:04:11,02:51:40,13.1 mi,08:11:02
Ara Jagger,501,98,2080,2039,35-39,41,CO,USA,---,700,01:03:43,1.2 mi,00:09:35,04:05:28,56 mi,00:03:54,02:48:22,13.1 mi,08:11:02
John Correia,1580,211,2081,2357,45-49,49,CA,USA,---,700,01:00:22,1.2 mi,00:19:40,03:52:26,56 mi,00:04:44,02:54:28,13.1 mi,08:11:40
Terry Adams,1581,150,2082,1331,50-54,57,CA,USA,---,700,00:49:54,1.2 mi,00:08:52,04:27:00,56 mi,00:06:35,02:39:24,13.1 mi,08:11:45
Jorge Ayala,1582,350,2083,712,40-44,43,---,USA,---,700,00:54:19,1.2 mi,00:09:22,04:11:01,56 mi,00:04:20,02:52:46,13.1 mi,08:11:48
Jason Lee,1583,123,2084,638,25-29,32,CA,USA,---,700,01:01:38,1.2 mi,00:08:46,04:03:59,56 mi,00:04:57,02:52:30,13.1 mi,08:11:50
Javier Calderon,1584,81,2085,1488,55-59,63,---,MEX,---,700,00:50:06,1.2 mi,00:17:29,03:58:14,56 mi,00:09:29,02:57:17,13.1 mi,08:12:35
Scott Ziegert,1585,14,2086,1552,65-69,69,CA,USA,---,700,00:54:43,1.2 mi,00:11:12,03:57:26,56 mi,00:06:30,03:03:08,13.1 mi,08:12:59
Raymond Witzke,1586,151,2087,1388,50-54,58,CA,USA,---,700,01:04:12,1.2 mi,00:13:18,03:45:30,56 mi,00:08:51,03:01:50,13.1 mi,08:13:41
Erik Edmonds,1587,6,2088,113,PC,36,---,USA,---,700,01:05:42,1.2 mi,00:09:43,04:36:41,56 mi,00:05:54,02:16:11,13.1 mi,08:14:11
Claudia Sabedra,502,71,2089,1806,45-49,50,CA,USA,---,700,00:51:14,1.2 mi,00:14:50,03:50:54,56 mi,00:07:48,03:09:43,13.1 mi,08:14:29
Lawrence Le,1588,82,2090,1406,55-59,59,CA,USA,---,700,00:56:10,1.2 mi,00:18:22,03:55:12,56 mi,00:09:51,02:55:35,13.1 mi,08:15:10
Alberto Martinez-Granillo,1589,212,2091,2470,45-49,50,CA,USA,---,700,01:07:01,1.2 mi,00:09:09,03:57:23,56 mi,00:05:15,02:56:28,13.1 mi,08:15:16
Richard Utzinger,1590,296,2092,482,35-39,42,CA,USA,---,700,00:42:41,1.2 mi,00:09:10,04:14:47,56 mi,00:06:42,03:02:06,13.1 mi,08:15:26
David Tellez,1591,213,2093,2569,45-49,50,CA,USA,---,700,00:42:25,1.2 mi,00:08:00,04:25:35,56 mi,00:06:14,02:53:24,13.1 mi,08:15:38
Christopher Collings,1592,351,2094,781,40-44,45,CA,USA,---,700,00:56:28,1.2 mi,00:13:01,04:06:18,56 mi,00:10:10,02:50:15,13.1 mi,08:16:12
Alicia Patriquin,503,21,2095,2283,55-59,60,AZ,USA,---,700,00:50:54,1.2 mi,00:09:16,04:18:27,56 mi,00:05:52,02:51:49,13.1 mi,08:16:18
James Borza Ii,1593,214,2096,2323,45-49,50,CA,USA,---,700,00:48:09,1.2 mi,00:05:44,03:58:36,56 mi,00:06:51,03:16:58,13.1 mi,08:16:18
Shiu Wong,1594,239,2097,2905,30-34,35,CA,USA,---,700,00:49:28,1.2 mi,00:05:13,04:06:48,56 mi,00:04:53,03:10:01,13.1 mi,08:16:23
Andy Schmader,1595,215,2098,2535,45-49,51,CA,USA,---,700,01:06:48,1.2 mi,00:10:16,03:32:46,56 mi,00:09:05,03:17:32,13.1 mi,08:16:27
Amanda Hawkins,504,99,2099,2031,35-39,38,FL,USA,---,700,00:59:42,1.2 mi,00:12:12,04:13:51,56 mi,00:07:29,02:43:26,13.1 mi,08:16:40
Kary Scolaro,505,91,2100,1669,40-44,46,CA,USA,---,700,00:51:04,1.2 mi,00:08:47,04:03:59,56 mi,00:07:39,03:05:14,13.1 mi,08:16:43
Zane Cope,1596,240,2101,2668,30-34,36,UT,USA,---,700,00:53:10,1.2 mi,00:13:25,03:57:13,56 mi,00:08:04,03:04:57,13.1 mi,08:16:49
Angela Yendes,506,92,2102,1707,40-44,43,CA,USA,---,700,01:12:38,1.2 mi,00:08:36,04:27:36,56 mi,00:03:35,02:25:02,13.1 mi,08:17:27
David Hodges,1597,34,2103,526,18-24,27,CA,USA,---,700,01:07:16,1.2 mi,00:08:08,04:19:28,56 mi,00:06:14,02:36:36,13.1 mi,08:17:42
Dr Vince Marcel,1598,152,2104,1203,50-54,54,CA,USA,---,700,00:41:28,1.2 mi,00:08:33,04:08:42,56 mi,00:12:17,03:07:30,13.1 mi,08:18:30
Cindy Kim,507,72,2105,1765,45-49,53,---,USA,---,700,00:56:41,1.2 mi,00:09:01,04:02:16,56 mi,00:11:00,03:00:12,13.1 mi,08:19:10
Dougg Healy,1599,83,2106,1489,55-59,63,CA,USA,---,700,01:08:48,1.2 mi,00:15:21,04:00:52,56 mi,00:08:40,02:46:16,13.1 mi,08:19:57
Amador Nunez,1600,153,2107,1279,50-54,54,CA,USA,---,700,00:58:40,1.2 mi,00:09:07,03:57:13,56 mi,00:05:58,03:09:45,13.1 mi,08:20:43
Donald Pemberton,1601,216,2108,2499,45-49,53,AZ,USA,---,700,00:53:20,1.2 mi,00:13:53,04:04:07,56 mi,00:09:27,03:00:22,13.1 mi,08:21:09
Stephanie Pasyak,508,96,2109,2237,30-34,36,WI,USA,---,700,00:53:19,1.2 mi,00:09:52,03:51:47,56 mi,00:05:55,03:20:21,13.1 mi,08:21:14
Cecily Arenas,509,100,2110,1992,35-39,43,CA,USA,---,700,01:11:57,1.2 mi,00:10:58,04:05:43,56 mi,00:04:43,02:48:17,13.1 mi,08:21:38
Terri Brummitt,510,45,2111,1909,50-54,58,CA,USA,---,700,01:12:12,1.2 mi,00:12:35,04:00:18,56 mi,00:08:52,02:48:16,13.1 mi,08:22:13
Alice Gallup,511,97,2112,2185,30-34,33,CA,USA,---,700,00:45:47,1.2 mi,00:07:12,04:09:56,56 mi,00:06:43,03:13:22,13.1 mi,08:23:00
Edna Gonzalez,512,93,2113,1611,40-44,46,CA,USA,---,700,00:56:09,1.2 mi,00:08:22,03:43:44,56 mi,00:10:43,03:26:06,13.1 mi,08:25:04
George Murphy,1602,38,2114,1519,60-64,65,CA,USA,---,700,00:51:38,1.2 mi,00:12:05,03:54:17,56 mi,00:05:50,03:21:18,13.1 mi,08:25:08
Lenell Carter,1603,154,2115,1185,50-54,54,CA,USA,---,700,00:57:47,1.2 mi,00:11:31,03:38:15,56 mi,00:07:35,03:30:21,13.1 mi,08:25:29
Nathan Massey,1604,124,2116,643,25-29,32,UT,USA,---,700,01:02:45,1.2 mi,00:07:24,04:32:39,56 mi,00:03:32,02:39:15,13.1 mi,08:25:35
Ann Leath,513,3,2117,1987,65-69,71,---,USA,---,1839,00:55:05,1.2 mi,00:13:33,04:13:04,56 mi,00:04:46,02:59:20,13.1 mi,08:25:48
Kenneth Zimmerman,1605,297,2118,514,35-39,43,CA,USA,---,700,01:00:10,1.2 mi,00:10:21,04:35:33,56 mi,00:06:25,02:34:20,13.1 mi,08:26:49
Pamela Carlson,514,2,2119,101,PC,32,WA,USA,---,700,00:54:47,1.2 mi,00:08:52,03:59:22,56 mi,00:09:16,03:15:40,13.1 mi,08:27:57
Mimi Maynor,515,73,2120,1784,45-49,52,CA,USA,---,700,00:56:38,1.2 mi,00:07:18,04:14:59,56 mi,00:03:54,03:05:22,13.1 mi,08:28:11
Emily Taylor,516,74,2121,1818,45-49,52,CA,USA,---,700,01:06:00,1.2 mi,00:13:51,04:19:13,56 mi,00:06:03,02:43:54,13.1 mi,08:29:01
Becca Williams,517,98,2122,2264,30-34,35,CA,USA,---,700,01:08:49,1.2 mi,00:13:09,04:24:08,56 mi,00:03:51,02:39:55,13.1 mi,08:29:52
Creighton Wong,1606,7,2123,103,PC,42,CA,USA,---,700,00:41:23,1.2 mi,00:11:48,03:50:05,56 mi,00:13:19,03:36:58,13.1 mi,08:33:33
Marison Beniek,518,75,2124,1723,45-49,50,CA,USA,---,700,00:52:20,1.2 mi,00:08:49,03:48:37,56 mi,00:06:35,03:37:20,13.1 mi,08:33:41
Mayra Hernandez,519,94,2125,1614,40-44,44,CA,USA,---,700,01:32:01,1.2 mi,00:09:14,03:55:48,56 mi,00:04:57,02:51:55,13.1 mi,08:33:55
David Melmeth,1607,155,2126,1322,50-54,56,CA,USA,---,700,01:06:34,1.2 mi,00:10:17,03:57:09,56 mi,00:07:12,03:12:45,13.1 mi,08:33:57
Michael Caldwell,1608,352,2127,758,40-44,44,CA,USA,---,700,01:08:26,1.2 mi,00:19:43,04:02:52,56 mi,00:08:23,02:54:51,13.1 mi,08:34:15
Heather Nash,520,95,2128,1648,40-44,47,AZ,USA,---,700,01:14:37,1.2 mi,00:10:44,04:06:50,56 mi,00:04:50,02:57:36,13.1 mi,08:34:37
Makini Mask,521,99,2129,2225,30-34,34,CA,USA,---,700,00:56:12,1.2 mi,00:06:41,04:27:16,56 mi,00:03:33,03:00:59,13.1 mi,08:34:41
Tami Colbert,522,46,2130,1912,50-54,56,CA,USA,---,700,00:59:57,1.2 mi,00:14:01,04:01:11,56 mi,00:10:25,03:11:41,13.1 mi,08:37:15
David Marshall,1609,84,2131,1475,55-59,61,CA,USA,---,700,00:50:48,1.2 mi,00:16:44,03:57:14,56 mi,00:08:09,03:24:48,13.1 mi,08:37:43
Baldo De La Tejera,1610,15,2132,1545,65-69,69,CA,USA,---,700,00:56:11,1.2 mi,00:10:20,04:04:00,56 mi,00:08:48,03:18:45,13.1 mi,08:38:04
Tina Sathoff,523,47,2133,1959,50-54,54,CA,USA,---,700,00:57:15,1.2 mi,00:10:24,04:20:48,56 mi,00:03:31,03:06:46,13.1 mi,08:38:44
Annette Russell,524,22,2134,2288,55-59,59,KY,USA,---,700,00:59:25,1.2 mi,00:10:10,04:20:26,56 mi,00:08:43,03:00:41,13.1 mi,08:39:25
Phuong-Ha Ngo,525,101,2135,2078,35-39,41,CA,USA,---,700,01:02:25,1.2 mi,00:08:35,04:34:09,56 mi,00:04:13,02:50:23,13.1 mi,08:39:45
Heather Falcone,526,100,2136,2173,30-34,34,CA,USA,---,700,00:50:54,1.2 mi,00:10:10,04:28:09,56 mi,00:03:26,03:08:16,13.1 mi,08:40:55
Leann Lindemeier,527,76,2137,1774,45-49,53,CA,USA,---,700,00:56:28,1.2 mi,00:12:18,04:37:18,56 mi,00:06:09,02:49:44,13.1 mi,08:41:57
Michael Clark,1611,298,2138,198,35-39,41,CA,USA,---,700,00:43:43,1.2 mi,00:09:03,05:07:28,56 mi,00:09:43,02:37:16,13.1 mi,08:47:13
Mark Potocnjak,1612,353,2139,1058,40-44,45,AZ,USA,---,700,00:53:57,1.2 mi,00:14:04,04:40:25,56 mi,00:06:17,02:53:20,13.1 mi,08:48:03
Stephen Ferrari,1613,85,2140,1432,55-59,60,CA,USA,---,700,00:52:31,1.2 mi,00:11:31,03:53:01,56 mi,00:05:51,03:46:20,13.1 mi,08:49:14
Todd Baldi,1614,354,2141,717,40-44,44,IL,USA,---,700,00:44:00,1.2 mi,00:09:34,04:20:45,56 mi,00:07:43,03:28:05,13.1 mi,08:50:07
Steve Naslund,1615,156,2142,1373,50-54,58,CA,USA,---,700,00:55:59,1.2 mi,00:11:50,04:24:10,56 mi,00:11:03,03:11:37,13.1 mi,08:54:39
Ron Gibbons,1616,157,2143,1256,50-54,55,AZ,USA,---,700,01:11:15,1.2 mi,00:23:26,04:15:06,56 mi,00:08:49,02:56:40,13.1 mi,08:55:16
Richard Curran,1617,217,2144,1189,45-49,53,CA,USA,---,700,01:23:32,1.2 mi,00:13:09,04:12:51,56 mi,00:06:11,03:03:24,13.1 mi,08:59:07
Hazel Abidayo,---,---,DNS,2140,30-34,36,CA,USA,---,---,---,1.2 mi,---,---,56 mi,---,---,13.1 mi,DNS
Scott Adams,---,---,DNS,1389,55-59,59,CA,USA,---,---,---,1.2 mi,---,---,56 mi,---,---,13.1 mi,DNS
Brad Adelsman,---,---,DNS,2611,30-34,36,CA,USA,---,---,---,1.2 mi,---,---,56 mi,---,---,13.1 mi,DNS
Gabriel Aguilar,---,---,DNS,130,35-39,38,CA,USA,---,---,---,1.2 mi,---,---,56 mi,---,---,13.1 mi,DNS
Jason Alava,---,---,DNS,554,25-29,32,FL,USA,---,---,---,1.2 mi,---,---,56 mi,---,---,13.1 mi,DNS
Ernesto Aldama,---,---,DNF,2613,30-34,34,---,MEX,---,---,00:37:49,1.2 mi,00:05:32,03:05:23,56 mi,00:02:52,---,13.1 mi,DNF
Juan Ernesto Aldama Muciño,---,---,DNS,1239,50-54,55,---,MEX,---,---,---,1.2 mi,---,---,56 mi,---,---,13.1 mi,DNS
Matthew Alderman,---,---,DNS,700,40-44,46,FL,USA,---,---,---,1.2 mi,---,---,56 mi,---,---,13.1 mi,DNS
Mike Alexander,---,---,DNS,1300,50-54,45,CA,USA,---,---,---,1.2 mi,---,---,56 mi,---,---,13.1 mi,DNS
Chris Allen,---,---,DNS,702,40-44,47,AZ,USA,---,---,---,1.2 mi,---,---,56 mi,---,---,13.1 mi,DNS
Bradly Allred,---,---,DNS,2615,30-34,37,CA,USA,---,---,---,1.2 mi,---,---,56 mi,---,---,13.1 mi,DNS
Palmira Alvarez,---,---,DNS,2141,30-34,34,CO,MEX,---,---,---,1.2 mi,---,---,56 mi,---,---,13.1 mi,DNS
Kosuke Amano,---,---,DNS,51,PRO,32,CO,USA,---,---,---,1.2 mi,---,---,56 mi,---,---,13.1 mi,DNS
Kosuke Amano,---,---,DNS,555,25-29,32,CO,USA,---,---,---,1.2 mi,---,---,56 mi,---,---,13.1 mi,DNS
David Ambrose,---,---,DNS,1180,50-54,54,CA,USA,---,---,---,1.2 mi,---,---,56 mi,---,---,13.1 mi,DNS
Rodrigo Ampudia,---,---,DNS,556,25-29,31,CA,USA,---,---,---,1.2 mi,---,---,56 mi,---,---,13.1 mi,DNS
Warren Ancheta,---,---,DNS,2300,45-49,53,CA,USA,---,---,---,1.2 mi,---,---,56 mi,---,---,13.1 mi,DNS
Kerri Anderson,---,---,DNS,1835,25-29,32,BC,CAN,---,---,---,1.2 mi,---,---,56 mi,---,---,13.1 mi,DNS
Fabio Angel,---,---,DNS,136,35-39,41,WI,BRA,---,---,---,1.2 mi,---,---,56 mi,---,---,13.1 mi,DNS
Nicolas Angell,---,---,DNF,704,40-44,47,CA,USA,---,---,00:37:44,1.2 mi,00:05:52,03:11:37,56 mi,00:06:22,---,13.1 mi,DNF
Kirk Arambulo,---,---,DNS,2302,45-49,50,---,PHL,---,---,---,1.2 mi,---,---,56 mi,---,---,13.1 mi,DNS
Henrique Araujo,---,---,DNS,137,35-39,40,---,BRA,---,---,---,1.2 mi,---,---,56 mi,---,---,13.1 mi,DNS
John Argue,---,---,DNS,138,35-39,42,AZ,USA,---,---,---,1.2 mi,---,---,56 mi,---,---,13.1 mi,DNS
Jim Arguelles,---,---,DNS,2304,45-49,50,CA,USA,---,---,---,1.2 mi,---,---,56 mi,---,---,13.1 mi,DNS
Bodil Arlander,---,---,DNS,1719,45-49,52,CA,USA,---,---,---,1.2 mi,---,---,56 mi,---,---,13.1 mi,DNS
Sean Arnett,---,---,DNS,2305,45-49,49,TX,USA,---,---,---,1.2 mi,---,---,56 mi,---,---,13.1 mi,DNS
Ray Asante-Tandog,---,---,DNS,709,40-44,46,CA,USA,---,---,---,1.2 mi,---,---,56 mi,---,---,13.1 mi,DNS
Sara Ashworth,---,---,DNS,1574,40-44,47,CA,USA,---,---,---,1.2 mi,---,---,56 mi,---,---,13.1 mi,DNS
Charlie Atlas,---,---,DNS,1333,50-54,56,CA,USA,---,---,---,1.2 mi,---,---,56 mi,---,---,13.1 mi,DNS
Melissa Avrea,---,---,DNS,2270,55-59,58,CA,USA,---,---,---,1.2 mi,---,---,56 mi,---,---,13.1 mi,DNS
Angela Axmann,---,---,DNS,79,PRO,32,AZ,USA,---,---,---,1.2 mi,---,---,56 mi,---,---,13.1 mi,DNS
Karen Aydelott,---,---,DNS,1984,65-69,70,CA,USA,---,---,---,1.2 mi,---,---,56 mi,---,---,13.1 mi,DNS
Scott Baadte,---,---,DNS,2309,45-49,50,CO,USA,---,---,---,1.2 mi,---,---,56 mi,---,---,13.1 mi,DNS
Debbie Bailey,---,---,DNS,1906,50-54,56,CA,USA,---,---,---,1.2 mi,---,---,56 mi,---,---,13.1 mi,DNS
Brett Baker,---,---,DNS,559,25-29,---,WA,USA,---,---,---,1.2 mi,---,---,56 mi,---,---,13.1 mi,DNS
Brennan Bakke,---,---,DNS,146,35-39,39,CO,USA,---,---,---,1.2 mi,---,---,56 mi,---,---,13.1 mi,DNS
Shannon Bane,---,---,DNS,147,35-39,43,CA,USA,---,---,---,1.2 mi,---,---,56 mi,---,---,13.1 mi,DNS
Jay Banks,---,---,DNS,149,35-39,42,CA,USA,---,---,---,1.2 mi,---,---,56 mi,---,---,13.1 mi,DNS
Nicky Barber,---,---,DNS,1576,40-44,44,CA,USA,---,---,---,1.2 mi,---,---,56 mi,---,---,13.1 mi,DNS
Carlos Barbosa,---,---,DNS,2630,30-34,38,---,MEX,---,---,---,1.2 mi,---,---,56 mi,---,---,13.1 mi,DNS
Matthew Barger,---,---,DNS,1391,55-59,59,CA,USA,---,---,---,1.2 mi,---,---,56 mi,---,---,13.1 mi,DNS
Natalie Barrad,---,---,DNS,1722,45-49,51,CA,USA,---,---,---,1.2 mi,---,---,56 mi,---,---,13.1 mi,DNS
Roman Barreto,---,---,DNS,2632,30-34,38,CA,MEX,---,---,---,1.2 mi,---,---,56 mi,---,---,13.1 mi,DNS
Laura Basey,---,---,DNS,1746,45-49,52,AZ,USA,---,---,---,1.2 mi,---,---,56 mi,---,---,13.1 mi,DNS
Christopher Battles,---,---,DNS,155,35-39,40,CA,USA,---,---,---,1.2 mi,---,---,56 mi,---,---,13.1 mi,DNS
Doug Bauer,---,---,DNS,1243,50-54,55,CA,USA,---,---,---,1.2 mi,---,---,56 mi,---,---,13.1 mi,DNS
Frederick Beddingfield,---,---,DNS,2317,45-49,52,CA,USA,---,---,---,1.2 mi,---,---,56 mi,---,---,13.1 mi,DNS
William Beecher,---,---,DNS,2318,45-49,53,CA,USA,---,---,---,1.2 mi,---,---,56 mi,---,---,13.1 mi,DNS
Sara Beliveau,---,---,DNS,1590,40-44,47,CA,USA,---,---,---,1.2 mi,---,---,56 mi,---,---,13.1 mi,DNS
Colin Bell,---,---,DNF,563,25-29,31,CA,USA,---,---,00:33:50,1.2 mi,---,---,56 mi,---,---,13.1 mi,DNF
Mauricio Benavides,---,---,DNS,162,35-39,40,CA,USA,---,---,---,1.2 mi,---,---,56 mi,---,---,13.1 mi,DNS
Jonathan Benfield,---,---,DNS,564,25-29,32,AZ,USA,---,---,---,1.2 mi,---,---,56 mi,---,---,13.1 mi,DNS
Deena Bennett,---,---,DNS,1724,45-49,49,CA,USA,---,---,---,1.2 mi,---,---,56 mi,---,---,13.1 mi,DNS
Jane Benson,---,---,DNF,2000,35-39,42,FL,USA,---,---,00:59:42,1.2 mi,00:10:42,04:29:24,56 mi,---,---,13.1 mi,DNF
Paolo Benzan,---,---,DNS,726,40-44,47,Army Asia,USA,---,---,---,1.2 mi,---,---,56 mi,---,---,13.1 mi,DNS
Brian Berger,---,---,DNS,1244,50-54,54,CA,USA,---,---,---,1.2 mi,---,---,56 mi,---,---,13.1 mi,DNS
Andi Bertolina,---,---,DNS,1710,18-24,22,NV,USA,---,---,---,1.2 mi,---,---,56 mi,---,---,13.1 mi,DNS
Manuel Bescos,---,---,DNS,2320,45-49,52,---,MEX,---,---,---,1.2 mi,---,---,56 mi,---,---,13.1 mi,DNS
Jess Bevilacqua,---,---,DNS,2150,30-34,35,CA,USA,---,---,---,1.2 mi,---,---,56 mi,---,---,13.1 mi,DNS
Kiran Beyer,---,---,DNS,1581,40-44,46,VA,USA,---,---,---,1.2 mi,---,---,56 mi,---,---,13.1 mi,DNS
Paul Bikhazi,---,---,DNF,732,40-44,47,WA,USA,---,---,00:41:14,1.2 mi,00:04:58,---,56 mi,---,---,13.1 mi,DNF
Brad Billington,---,---,DNS,2321,45-49,52,CA,USA,---,---,---,1.2 mi,---,---,56 mi,---,---,13.1 mi,DNS
Belinda Bird,---,---,DNS,1908,50-54,57,CA,USA,---,---,---,1.2 mi,---,---,56 mi,---,---,13.1 mi,DNS
John Blanchard,---,---,DNS,170,35-39,40,CA,USA,---,---,---,1.2 mi,---,---,56 mi,---,---,13.1 mi,DNS
Rodrigo Bobadilla Pastelin,---,---,DNS,172,35-39,42,---,MEX,---,---,---,1.2 mi,---,---,56 mi,---,---,13.1 mi,DNS
Charles Bode,---,---,DNS,1500,60-64,64,AZ,USA,---,---,---,1.2 mi,---,---,56 mi,---,---,13.1 mi,DNS
Hayley Bolt,---,---,DNS,1840,25-29,28,CA,USA,---,---,---,1.2 mi,---,---,56 mi,---,---,13.1 mi,DNS
Erin Borg,---,---,DNS,2153,30-34,36,AZ,USA,---,---,---,1.2 mi,---,---,56 mi,---,---,13.1 mi,DNS
Miguel Bosch Merino,---,---,DNS,175,35-39,42,Tabasco,MEX,---,---,---,1.2 mi,---,---,56 mi,---,---,13.1 mi,DNS
Raymond Botelho,---,---,DNS,24,PRO,43,MA,USA,---,---,---,1.2 mi,---,---,56 mi,---,---,13.1 mi,DNS
Susan Boulware,---,---,DNS,1974,60-64,67,CA,USA,---,---,---,1.2 mi,---,---,56 mi,---,---,13.1 mi,DNS
Brian Bowerfind,---,---,DNS,743,40-44,47,CA,USA,---,---,---,1.2 mi,---,---,56 mi,---,---,13.1 mi,DNS
Naomi Bowman,---,---,DNS,1841,25-29,32,Kent,GBR,---,---,---,1.2 mi,---,---,56 mi,---,---,13.1 mi,DNS
Albert Boyce,---,---,DNF,2324,45-49,51,CA,USA,---,---,00:26:42,1.2 mi,00:03:43,---,56 mi,---,---,13.1 mi,DNF
Alison Brasher,---,---,DNS,2005,35-39,39,ID,USA,---,---,---,1.2 mi,---,---,56 mi,---,---,13.1 mi,DNS
Douglas Brasher,---,---,DNS,177,35-39,42,ID,USA,---,---,---,1.2 mi,---,---,56 mi,---,---,13.1 mi,DNS
Michelle Bremer,---,---,DNS,73,PRO,33,NSW,AUS,---,---,---,1.2 mi,---,---,56 mi,---,---,13.1 mi,DNS
Bob Briggs,---,---,DNS,1427,55-59,60,CA,USA,---,---,---,1.2 mi,---,---,56 mi,---,---,13.1 mi,DNS
Everett Britton,---,---,DNS,2329,45-49,52,AZ,USA,---,---,---,1.2 mi,---,---,56 mi,---,---,13.1 mi,DNS
Jelle Brons,---,---,DNS,179,35-39,39,CA,USA,---,---,---,1.2 mi,---,---,56 mi,---,---,13.1 mi,DNS
Bradley Brown,---,---,DNS,2644,30-34,38,VA,USA,---,---,---,1.2 mi,---,---,56 mi,---,---,13.1 mi,DNS
Chris Brown,---,---,DNS,748,40-44,45,CA,USA,---,---,---,1.2 mi,---,---,56 mi,---,---,13.1 mi,DNS
Christopher Brown,---,---,DNS,1247,50-54,55,CA,USA,---,---,---,1.2 mi,---,---,56 mi,---,---,13.1 mi,DNS
Michael Brown,---,---,DNS,749,40-44,45,AZ,USA,---,---,---,1.2 mi,---,---,56 mi,---,---,13.1 mi,DNS
Michael Brown,---,---,DNS,2643,30-34,35,TX,USA,---,---,---,1.2 mi,---,---,56 mi,---,---,13.1 mi,DNS
Michael Brown,---,---,DNS,2642,30-34,35,CA,USA,---,---,---,1.2 mi,---,---,56 mi,---,---,13.1 mi,DNS
Michael Brown,---,---,DNS,182,35-39,43,CA,USA,---,---,---,1.2 mi,---,---,56 mi,---,---,13.1 mi,DNS
Vickie Brunk,---,---,DNS,1726,45-49,50,CA,USA,---,---,---,1.2 mi,---,---,56 mi,---,---,13.1 mi,DNS
Jeremy Brzozowski,---,---,DNS,183,35-39,41,CA,USA,---,---,---,1.2 mi,---,---,56 mi,---,---,13.1 mi,DNS
Mark Bunch,---,---,DNS,752,40-44,47,OH,USA,---,---,---,1.2 mi,---,---,56 mi,---,---,13.1 mi,DNS
Sabina Bundi,---,---,DNS,1844,25-29,30,---,CHE,---,---,---,1.2 mi,---,---,56 mi,---,---,13.1 mi,DNS
J Burgard,---,---,DNS,2335,45-49,47,CA,USA,---,---,---,1.2 mi,---,---,56 mi,---,---,13.1 mi,DNS
Andrew Burke,---,---,DNS,2336,45-49,116,Army Asia,USA,---,---,---,1.2 mi,---,---,56 mi,---,---,13.1 mi,DNS
Bill Burns,---,---,DNS,2338,45-49,52,CA,USA,---,---,---,1.2 mi,---,---,56 mi,---,---,13.1 mi,DNS
Lauren Burns,---,---,DNS,1845,25-29,32,CA,USA,---,---,---,1.2 mi,---,---,56 mi,---,---,13.1 mi,DNS
Michael Buscemi,---,---,DNS,754,40-44,44,CA,USA,---,---,---,1.2 mi,---,---,56 mi,---,---,13.1 mi,DNS
Gordon Byrn,---,---,DNS,755,40-44,47,CO,USA,---,---,---,1.2 mi,---,---,56 mi,---,---,13.1 mi,DNS
Ed Cabanero,---,---,DNS,2339,45-49,50,CA,USA,---,---,---,1.2 mi,---,---,56 mi,---,---,13.1 mi,DNS
Tomas Cabrejas,---,---,DNS,1299,50-54,56,DF,MEX,---,---,---,1.2 mi,---,---,56 mi,---,---,13.1 mi,DNS
Junior Cachero,---,---,DNS,2340,45-49,49,CA,USA,---,---,---,1.2 mi,---,---,56 mi,---,---,13.1 mi,DNS
Jill Cadieux,---,---,DNS,1728,45-49,52,CA,USA,---,---,---,1.2 mi,---,---,56 mi,---,---,13.1 mi,DNS
Kevin Cadieux,---,---,DNS,1249,50-54,55,CA,USA,---,---,---,1.2 mi,---,---,56 mi,---,---,13.1 mi,DNS
Richard Cairns,---,---,DNS,757,40-44,47,TX,USA,---,---,---,1.2 mi,---,---,56 mi,---,---,13.1 mi,DNS
William Cale,---,---,DNS,2650,30-34,34,CA,USA,---,---,---,1.2 mi,---,---,56 mi,---,---,13.1 mi,DNS
Matthew Callaghan,---,---,DNS,759,40-44,47,CA,USA,---,---,---,1.2 mi,---,---,56 mi,---,---,13.1 mi,DNS
Michael Callahan,---,---,DNS,1305,50-54,56,CA,USA,---,---,---,1.2 mi,---,---,56 mi,---,---,13.1 mi,DNS
Andres Camou,---,---,DNS,760,40-44,44,---,USA,---,---,---,1.2 mi,---,---,56 mi,---,---,13.1 mi,DNS
Deenise Campbell,---,---,DNS,1587,40-44,44,---,CAN,---,---,---,1.2 mi,---,---,56 mi,---,---,13.1 mi,DNS
William Campbell,---,---,DNS,185,35-39,43,CA,USA,---,---,---,1.2 mi,---,---,56 mi,---,---,13.1 mi,DNS
Danielle Campos,---,---,DNS,2161,30-34,36,CA,USA,---,---,---,1.2 mi,---,---,56 mi,---,---,13.1 mi,DNS
Alejandro Cantu,---,---,DNS,764,40-44,44,DF,MEX,---,---,---,1.2 mi,---,---,56 mi,---,---,13.1 mi,DNS
Michael Capozza,---,---,DNS,2346,45-49,52,CA,USA,---,---,---,1.2 mi,---,---,56 mi,---,---,13.1 mi,DNS
Chris Carnal,---,---,DNS,2347,45-49,49,AZ,USA,---,---,---,1.2 mi,---,---,56 mi,---,---,13.1 mi,DNS
Rafael Carrete,---,---,DNS,768,40-44,46,CA,USA,---,---,---,1.2 mi,---,---,56 mi,---,---,13.1 mi,DNS
Michelle Carrillo,---,---,DNF,2008,35-39,39,CA,USA,---,---,00:54:49,1.2 mi,00:07:34,---,56 mi,---,---,13.1 mi,DNF
Brett Carter,---,---,DNS,769,40-44,46,NV,USA,---,---,---,1.2 mi,---,---,56 mi,---,---,13.1 mi,DNS
Paul Carter,---,---,DNS,1336,50-54,57,CA,USA,---,---,---,1.2 mi,---,---,56 mi,---,---,13.1 mi,DNS
Randy Carter,---,---,DNS,1469,55-59,62,CA,USA,---,---,---,1.2 mi,---,---,56 mi,---,---,13.1 mi,DNS
Russ Carter,---,---,DNF,1566,70-74,74,CA,USA,---,---,01:07:43,1.2 mi,00:15:26,04:32:25,56 mi,00:09:01,---,13.1 mi,DNF
Jose Castillo,---,---,DNF,517,18-24,24,---,GTM,---,---,00:36:39,1.2 mi,00:04:12,03:07:10,56 mi,00:04:41,---,13.1 mi,DNF
Jose Castillo Cernuda,---,---,DNS,2349,45-49,51,Intl State,MEX,---,---,---,1.2 mi,---,---,56 mi,---,---,13.1 mi,DNS
Marnie Castle,---,---,DNS,1730,45-49,49,CA,USA,---,---,---,1.2 mi,---,---,56 mi,---,---,13.1 mi,DNS
Chris Chandler,---,---,DNF,102,PC,36,CA,USA,---,---,00:40:14,1.2 mi,00:04:31,04:12:56,56 mi,---,---,13.1 mi,DNF
Mauricio Chavez,---,---,DNS,2659,30-34,37,---,MEX,---,---,---,1.2 mi,---,---,56 mi,---,---,13.1 mi,DNS
Steven Chavez,---,---,DNS,1395,55-59,33,CA,USA,---,---,---,1.2 mi,---,---,56 mi,---,---,13.1 mi,DNS
Ariel Chazanas,---,---,DNS,776,40-44,43,CA,USA,---,---,---,1.2 mi,---,---,56 mi,---,---,13.1 mi,DNS
Marcus Chischilly,---,---,DNF,110,PC,29,CA,USA,---,---,00:34:15,1.2 mi,00:03:36,---,56 mi,---,---,13.1 mi,DNF
Nancy Choiniere,---,---,DNF,1939,50-54,57,CA,USA,---,---,00:46:42,1.2 mi,00:12:05,03:39:17,56 mi,00:05:33,---,13.1 mi,DNF
Joanna Choy,---,---,DNF,1911,50-54,55,CA,USA,---,---,00:57:10,1.2 mi,00:11:54,---,56 mi,---,---,13.1 mi,DNF
Nash Chulamorkodt,---,---,DNS,194,35-39,43,AZ,USA,---,---,---,1.2 mi,---,---,56 mi,---,---,13.1 mi,DNS
John Ciullo,---,---,DNS,2352,45-49,49,CA,USA,---,---,---,1.2 mi,---,---,56 mi,---,---,13.1 mi,DNS
Dennis Clark,---,---,DNS,197,35-39,39,AB,CAN,---,---,---,1.2 mi,---,---,56 mi,---,---,13.1 mi,DNS
Eric Clark,---,---,DNS,778,40-44,47,WA,USA,---,---,---,1.2 mi,---,---,56 mi,---,---,13.1 mi,DNS
John Clark,---,---,DNS,1558,65-69,37,NC,USA,---,---,---,1.2 mi,---,---,56 mi,---,---,13.1 mi,DNS
Catalina Clave,---,---,DNS,1732,45-49,49,---,MEX,---,---,---,1.2 mi,---,---,56 mi,---,---,13.1 mi,DNS
Gillian Clayton,---,---,DNS,65,PRO,35,BC,CAN,---,---,---,1.2 mi,---,---,56 mi,---,---,13.1 mi,DNS
Matthew Clifford,---,---,DNF,581,25-29,29,CA,USA,---,---,00:38:01,1.2 mi,00:03:22,02:48:27,56 mi,---,---,13.1 mi,DNF
Bruce Cobb,---,---,DNS,1531,60-64,67,TX,USA,---,---,---,1.2 mi,---,---,56 mi,---,---,13.1 mi,DNS
Chris Coble,---,---,DNS,2664,30-34,33,CA,USA,---,---,---,1.2 mi,---,---,56 mi,---,---,13.1 mi,DNS
Robert Cocco,---,---,DNF,202,35-39,43,CA,USA,---,---,00:35:51,1.2 mi,00:04:03,03:01:09,56 mi,00:04:24,---,13.1 mi,DNF
Greg Cohn,---,---,DNF,584,25-29,33,CA,USA,---,---,00:42:10,1.2 mi,00:07:16,03:01:15,56 mi,00:04:57,---,13.1 mi,DNF
Pamela Cole,---,---,DNS,1847,25-29,33,NV,USA,---,---,---,1.2 mi,---,---,56 mi,---,---,13.1 mi,DNS
Mike Concannon,---,---,DNS,783,40-44,45,CA,USA,---,---,---,1.2 mi,---,---,56 mi,---,---,13.1 mi,DNS
Peter Condy,---,---,DNS,1565,65-69,73,WA,USA,---,---,---,1.2 mi,---,---,56 mi,---,---,13.1 mi,DNS
Scott Conniff,---,---,DNS,786,40-44,48,CA,USA,---,---,---,1.2 mi,---,---,56 mi,---,---,13.1 mi,DNS
Emily Constantini,---,---,DNS,2012,35-39,38,CA,USA,---,---,---,1.2 mi,---,---,56 mi,---,---,13.1 mi,DNS
James Cook,---,---,DNS,2356,45-49,51,AZ,USA,---,---,---,1.2 mi,---,---,56 mi,---,---,13.1 mi,DNS
William Cook,---,---,DNS,788,40-44,47,CA,USA,---,---,---,1.2 mi,---,---,56 mi,---,---,13.1 mi,DNS
Graham Cooper,---,---,DNS,789,40-44,46,CA,USA,---,---,---,1.2 mi,---,---,56 mi,---,---,13.1 mi,DNS
Tim Cooper,---,---,DNS,204,35-39,40,CA,USA,---,---,---,1.2 mi,---,---,56 mi,---,---,13.1 mi,DNS
Fred Corbalis,---,---,DNS,1186,50-54,54,CA,USA,---,---,---,1.2 mi,---,---,56 mi,---,---,13.1 mi,DNS
Robert Corser,---,---,DNS,791,40-44,46,GA,USA,---,---,---,1.2 mi,---,---,56 mi,---,---,13.1 mi,DNS
Rod Couser,---,---,DNS,1337,50-54,56,CA,USA,---,---,---,1.2 mi,---,---,56 mi,---,---,13.1 mi,DNS
Kristi Covalciuc,---,---,DNS,1594,40-44,46,CO,USA,---,---,---,1.2 mi,---,---,56 mi,---,---,13.1 mi,DNS
Brandon Cox,---,---,DNS,2672,30-34,35,CA,USA,---,---,---,1.2 mi,---,---,56 mi,---,---,13.1 mi,DNS
Bryan Cox,---,---,DNF,206,35-39,41,KY,USA,---,---,00:44:33,1.2 mi,00:04:49,---,56 mi,---,---,13.1 mi,DNF
Bob Crawford,---,---,DNS,1553,65-69,70,CA,USA,---,---,---,1.2 mi,---,---,56 mi,---,---,13.1 mi,DNS
Laura Crawford,---,---,DNS,1760,45-49,49,CA,USA,---,---,---,1.2 mi,---,---,56 mi,---,---,13.1 mi,DNS
Laura Crawford,---,---,DNS,1761,45-49,49,CA,USA,---,---,---,1.2 mi,---,---,56 mi,---,---,13.1 mi,DNS
John Dahlz,---,---,DNF,48,PRO,31,CA,USA,---,---,00:23:20,1.2 mi,00:02:19,02:17:02,56 mi,00:01:24,---,13.1 mi,DNF
Mary Kelly Dakin,---,---,DNS,1735,45-49,51,CA,USA,---,---,---,1.2 mi,---,---,56 mi,---,---,13.1 mi,DNS
Phil Dampier,---,---,DNS,210,35-39,43,CA,USA,---,---,---,1.2 mi,---,---,56 mi,---,---,13.1 mi,DNS
Jerry Damron,---,---,DNS,2367,45-49,49,CA,USA,---,---,---,1.2 mi,---,---,56 mi,---,---,13.1 mi,DNS
Christopher Dare,---,---,DNF,588,25-29,29,CA,USA,---,---,01:10:41,1.2 mi,---,---,56 mi,---,---,13.1 mi,DNF
Monica Darowish,---,---,DNS,1913,50-54,56,CA,USA,---,---,---,1.2 mi,---,---,56 mi,---,---,13.1 mi,DNS
Matthew Davie,---,---,DNS,2675,30-34,35,CA,USA,---,---,---,1.2 mi,---,---,56 mi,---,---,13.1 mi,DNS
Liz Davies,---,---,DNS,1914,50-54,57,CA,USA,---,---,---,1.2 mi,---,---,56 mi,---,---,13.1 mi,DNS
Leah Davis,---,---,DNS,2272,55-59,60,CA,USA,---,---,---,1.2 mi,---,---,56 mi,---,---,13.1 mi,DNS
Scott Davis,---,---,DNS,2676,30-34,34,CA,USA,---,---,---,1.2 mi,---,---,56 mi,---,---,13.1 mi,DNS
Susanne Davis,---,---,DNS,1597,40-44,44,CA,USA,---,---,---,1.2 mi,---,---,56 mi,---,---,13.1 mi,DNS
Mark De Lanoy,---,---,DNS,2369,45-49,49,WA,USA,---,---,---,1.2 mi,---,---,56 mi,---,---,13.1 mi,DNS
John Dean,---,---,DNS,2372,45-49,51,AZ,USA,---,---,---,1.2 mi,---,---,56 mi,---,---,13.1 mi,DNS
Sheri Deeter,---,---,DNS,1737,45-49,49,CA,USA,---,---,---,1.2 mi,---,---,56 mi,---,---,13.1 mi,DNS
Jose Del Rio,---,---,DNS,2373,45-49,---,---,MEX,---,---,---,1.2 mi,---,---,56 mi,---,---,13.1 mi,DNS
Joseph Deleonardo,---,---,DNS,807,40-44,44,TX,USA,---,---,---,1.2 mi,---,---,56 mi,---,---,13.1 mi,DNS
Whitney Despain,---,---,DNS,1598,40-44,44,CA,USA,---,---,---,1.2 mi,---,---,56 mi,---,---,13.1 mi,DNS
Brean Deters,---,---,DNS,1852,25-29,31,IL,USA,---,---,---,1.2 mi,---,---,56 mi,---,---,13.1 mi,DNS
Steve Dettlaff,---,---,DNS,219,35-39,42,AZ,USA,---,---,---,1.2 mi,---,---,56 mi,---,---,13.1 mi,DNS
Dan Devenport,---,---,DNS,810,40-44,47,UT,USA,---,---,---,1.2 mi,---,---,56 mi,---,---,13.1 mi,DNS
Kimberly Diaz,---,---,DNS,1740,45-49,49,CO,USA,---,---,---,1.2 mi,---,---,56 mi,---,---,13.1 mi,DNS
Suzanne Dieriex,---,---,DNF,2169,30-34,---,CA,USA,---,---,00:47:50,1.2 mi,00:11:03,04:43:35,56 mi,00:07:17,---,13.1 mi,DNF
Steve Doll,---,---,DNS,1471,55-59,62,CA,USA,---,---,---,1.2 mi,---,---,56 mi,---,---,13.1 mi,DNS
Patrick Donahue,---,---,DNS,2377,45-49,49,AZ,USA,---,---,---,1.2 mi,---,---,56 mi,---,---,13.1 mi,DNS
Tammy Lynn Donarummo,---,---,DNS,1741,45-49,50,CA,USA,---,---,---,1.2 mi,---,---,56 mi,---,---,13.1 mi,DNS
John Donarummo Jr.,---,---,DNS,811,40-44,45,CA,USA,---,---,---,1.2 mi,---,---,56 mi,---,---,13.1 mi,DNS
Jeff Drake,---,---,DNS,2380,45-49,53,CA,USA,---,---,---,1.2 mi,---,---,56 mi,---,---,13.1 mi,DNS
Reymund Dumlao,---,---,DNS,225,35-39,40,CA,USA,---,---,---,1.2 mi,---,---,56 mi,---,---,13.1 mi,DNS
Julie Dunkle,---,---,DNS,1742,45-49,49,CA,USA,---,---,---,1.2 mi,---,---,56 mi,---,---,13.1 mi,DNS
Brandon Dunn,---,---,DNS,227,35-39,41,CA,USA,---,---,---,1.2 mi,---,---,56 mi,---,---,13.1 mi,DNS
Bryan Dunn,---,---,DNS,819,40-44,48,AZ,USA,---,---,---,1.2 mi,---,---,56 mi,---,---,13.1 mi,DNS
Paul Dunne,---,---,DNS,1453,55-59,61,CA,USA,---,---,---,1.2 mi,---,---,56 mi,---,---,13.1 mi,DNS
David Durant,---,---,DNS,594,25-29,32,UT,USA,---,---,---,1.2 mi,---,---,56 mi,---,---,13.1 mi,DNS
Joao Durao,---,---,DNS,2382,45-49,50,---,PRT,---,---,---,1.2 mi,---,---,56 mi,---,---,13.1 mi,DNS
Kevin Dusi,---,---,DNS,2688,30-34,38,CA,USA,---,---,---,1.2 mi,---,---,56 mi,---,---,13.1 mi,DNS
Don Dyck,---,---,DNS,2383,45-49,53,---,CAN,---,---,---,1.2 mi,---,---,56 mi,---,---,13.1 mi,DNS
Lainey Eaton,---,---,DNS,1854,25-29,30,VA,USA,---,---,---,1.2 mi,---,---,56 mi,---,---,13.1 mi,DNS
Jerry Ecklund,---,---,DNS,821,40-44,48,CA,USA,---,---,---,1.2 mi,---,---,56 mi,---,---,13.1 mi,DNS
Erik Edmonds,---,---,DNS,2689,30-34,36,---,USA,---,---,---,1.2 mi,---,---,56 mi,---,---,13.1 mi,DNS
Carl Eibl,---,---,DNF,1310,50-54,56,CA,USA,---,---,00:34:15,1.2 mi,00:04:54,---,56 mi,---,---,13.1 mi,DNF
David Emerson,---,---,DNS,1398,55-59,59,CA,USA,---,---,---,1.2 mi,---,---,56 mi,---,---,13.1 mi,DNS
Laura Endres,---,---,DNS,1601,40-44,44,AZ,USA,---,---,---,1.2 mi,---,---,56 mi,---,---,13.1 mi,DNS
Scott Endres,---,---,DNS,830,40-44,47,AZ,USA,---,---,---,1.2 mi,---,---,56 mi,---,---,13.1 mi,DNS
Ann Engstrom,---,---,DNS,1916,50-54,58,CA,USA,---,---,---,1.2 mi,---,---,56 mi,---,---,13.1 mi,DNS
Freddie Enke,---,---,DNS,1339,50-54,57,AZ,USA,---,---,---,1.2 mi,---,---,56 mi,---,---,13.1 mi,DNS
Dave Erickson,---,---,DNS,831,40-44,44,WA,USA,---,---,---,1.2 mi,---,---,56 mi,---,---,13.1 mi,DNS
Rene Escobar,---,---,DNF,2695,30-34,35,FL,MEX,---,---,00:40:22,1.2 mi,00:03:37,---,56 mi,---,---,13.1 mi,DNF
Jose Antonio Espinosa Macias,---,---,DNS,234,35-39,39,Intl State,MEX,---,---,---,1.2 mi,---,---,56 mi,---,---,13.1 mi,DNS
Aaron Essner,---,---,DNF,834,40-44,45,NJ,USA,---,---,00:34:53,1.2 mi,00:04:41,---,56 mi,---,---,13.1 mi,DNF
Rob Estes,---,---,DNS,1563,65-69,72,CA,USA,---,---,---,1.2 mi,---,---,56 mi,---,---,13.1 mi,DNS
George Evangelista,---,---,DNS,2387,45-49,53,CA,USA,---,---,---,1.2 mi,---,---,56 mi,---,---,13.1 mi,DNS
Brian Evans,---,---,DNS,520,18-24,28,CA,USA,---,---,---,1.2 mi,---,---,56 mi,---,---,13.1 mi,DNS
David Evans,---,---,DNF,237,35-39,43,CO,USA,---,---,00:49:00,1.2 mi,---,---,56 mi,---,---,13.1 mi,DNF
Kelly Falcone,---,---,DNS,2174,30-34,37,CA,USA,---,---,---,1.2 mi,---,---,56 mi,---,---,13.1 mi,DNS
Anna Falkiewicz,---,---,DNS,1603,40-44,45,CA,USA,---,---,---,1.2 mi,---,---,56 mi,---,---,13.1 mi,DNS
Haytham Faraj,---,---,DNS,836,40-44,48,MI,USA,---,---,---,1.2 mi,---,---,56 mi,---,---,13.1 mi,DNS
Geoff Fellows,---,---,DNS,838,40-44,46,CA,USA,---,---,---,1.2 mi,---,---,56 mi,---,---,13.1 mi,DNS
Mike Ferguson,---,---,DNS,2392,45-49,53,CA,USA,---,---,---,1.2 mi,---,---,56 mi,---,---,13.1 mi,DNS
Alejandro Fernandez,---,---,DNS,2393,45-49,50,---,MEX,---,---,---,1.2 mi,---,---,56 mi,---,---,13.1 mi,DNS
Prospero Fernandez,---,---,DNS,2394,45-49,50,Intl State,MEX,---,---,---,1.2 mi,---,---,56 mi,---,---,13.1 mi,DNS
Miguel Ángel Fernández Bravo,---,---,DNF,2395,45-49,50,D.F.,MEX,---,---,00:34:18,1.2 mi,00:05:31,04:17:19,56 mi,---,---,13.1 mi,DNF
Lauro Figueroa,---,---,DNS,2396,45-49,51,---,MEX,---,---,---,1.2 mi,---,---,56 mi,---,---,13.1 mi,DNS
Stacey Finerman,---,---,DNS,2018,35-39,39,CA,USA,---,---,---,1.2 mi,---,---,56 mi,---,---,13.1 mi,DNS
Mark Fischer-Colbrie,---,---,DNS,1433,55-59,60,CA,USA,---,---,---,1.2 mi,---,---,56 mi,---,---,13.1 mi,DNS
Chris Fisher,---,---,DNS,844,40-44,48,CA,USA,---,---,---,1.2 mi,---,---,56 mi,---,---,13.1 mi,DNS
Rick Fisher,---,---,DNF,842,40-44,43,MD,USA,---,---,00:57:37,1.2 mi,00:08:36,---,56 mi,---,---,13.1 mi,DNF
Brian Fleischmann,---,---,DNS,50,PRO,38,CO,USA,---,---,---,1.2 mi,---,---,56 mi,---,---,13.1 mi,DNS
Jeremy Fletcher,---,---,DNS,242,35-39,41,CA,USA,---,---,---,1.2 mi,---,---,56 mi,---,---,13.1 mi,DNS
Leigh Flisher,---,---,DNS,1606,40-44,44,CA,USA,---,---,---,1.2 mi,---,---,56 mi,---,---,13.1 mi,DNS
Dan Florez,---,---,DNF,2398,45-49,49,CA,USA,---,---,00:50:04,1.2 mi,00:10:22,---,56 mi,04:13:37,---,13.1 mi,DNF
Kirk Focht,---,---,DNS,1195,50-54,54,CA,USA,---,---,---,1.2 mi,---,---,56 mi,---,---,13.1 mi,DNS
Brian Folts,---,---,DNS,605,25-29,29,CO,USA,---,---,---,1.2 mi,---,---,56 mi,---,---,13.1 mi,DNS
Michelle Foo,---,---,DNS,2180,30-34,38,NV,USA,---,---,---,1.2 mi,---,---,56 mi,---,---,13.1 mi,DNS
Kurt Francis,---,---,DNS,2399,45-49,50,CA,USA,---,---,---,1.2 mi,---,---,56 mi,---,---,13.1 mi,DNS
Guilherme Freire,---,---,DNS,610,25-29,31,Rio de Janeiro,BRA,---,---,---,1.2 mi,---,---,56 mi,---,---,13.1 mi,DNS
Molly Frost,---,---,DNS,2183,30-34,34,CA,USA,---,---,---,1.2 mi,---,---,56 mi,---,---,13.1 mi,DNS
Erika Gabor,---,---,DNS,1977,60-64,63,CA,USA,---,---,---,1.2 mi,---,---,56 mi,---,---,13.1 mi,DNS
Sylvia Gaffney,---,---,DNS,1920,50-54,54,CA,USA,---,---,---,1.2 mi,---,---,56 mi,---,---,13.1 mi,DNS
Alex Gaitan,---,---,DNS,1399,55-59,58,CA,USA,---,---,---,1.2 mi,---,---,56 mi,---,---,13.1 mi,DNS
Ruby Gaitan,---,---,DNS,2275,55-59,59,UT,USA,---,---,---,1.2 mi,---,---,56 mi,---,---,13.1 mi,DNS
Adam Galland,---,---,DNS,249,35-39,42,CA,USA,---,---,---,1.2 mi,---,---,56 mi,---,---,13.1 mi,DNS
Matt Gallo,---,---,DNS,2405,45-49,53,CA,USA,---,---,---,1.2 mi,---,---,56 mi,---,---,13.1 mi,DNS
Richard Gamoras,---,---,DNS,856,40-44,47,CA,USA,---,---,---,1.2 mi,---,---,56 mi,---,---,13.1 mi,DNS
Mark Ganzer,---,---,DNS,1400,55-59,59,CA,USA,---,---,---,1.2 mi,---,---,56 mi,---,---,13.1 mi,DNS
Joe Garcia,---,---,DNS,1255,50-54,55,CA,USA,---,---,---,1.2 mi,---,---,56 mi,---,---,13.1 mi,DNS
Rene Garcia,---,---,DNS,1858,25-29,31,CA,USA,---,---,---,1.2 mi,---,---,56 mi,---,---,13.1 mi,DNS
Miguel Garcia Madrazo,---,---,DNS,2708,30-34,36,---,MEX,---,---,---,1.2 mi,---,---,56 mi,---,---,13.1 mi,DNS
Gregory Garrison,---,---,DNF,861,40-44,47,CA,USA,---,---,00:41:34,1.2 mi,00:05:11,---,56 mi,02:24:40,---,13.1 mi,DNF
Tony Gaspar,---,---,DNS,2406,45-49,51,CA,USA,---,---,---,1.2 mi,---,---,56 mi,---,---,13.1 mi,DNS
Chris Gausepohl,---,---,DNS,2710,30-34,33,NV,USA,---,---,---,1.2 mi,---,---,56 mi,---,---,13.1 mi,DNS
Jeff Geddings,---,---,DNS,2407,45-49,50,OR,USA,---,---,---,1.2 mi,---,---,56 mi,---,---,13.1 mi,DNS
John Geffert,---,---,DNS,614,25-29,30,Army Europe,USA,---,---,---,1.2 mi,---,---,56 mi,---,---,13.1 mi,DNS
Chris Geist,---,---,DNS,258,35-39,43,CA,USA,---,---,---,1.2 mi,---,---,56 mi,---,---,13.1 mi,DNS
John Gerber,---,---,DNS,2713,30-34,38,CA,USA,---,---,---,1.2 mi,---,---,56 mi,---,---,13.1 mi,DNS
Emily Ghio,---,---,DNS,1859,25-29,31,CA,USA,---,---,---,1.2 mi,---,---,56 mi,---,---,13.1 mi,DNS
Keith Gierut,---,---,DNS,1257,50-54,55,CA,USA,---,---,---,1.2 mi,---,---,56 mi,---,---,13.1 mi,DNS
Alex Gigglberger,---,---,DNS,866,40-44,44,CA,USA,---,---,---,1.2 mi,---,---,56 mi,---,---,13.1 mi,DNS
Charles Gilbride,---,---,DNS,259,35-39,43,TX,USA,---,---,---,1.2 mi,---,---,56 mi,---,---,13.1 mi,DNS
John Giles,---,---,DNS,1312,50-54,56,AZ,USA,---,---,---,1.2 mi,---,---,56 mi,---,---,13.1 mi,DNS
Maximiliano Gonzalez,---,---,DNS,874,40-44,46,MEXICO,MEX,---,---,---,1.2 mi,---,---,56 mi,---,---,13.1 mi,DNS
Philip Goswitz,---,---,DNS,1258,50-54,55,CA,USA,---,---,---,1.2 mi,---,---,56 mi,---,---,13.1 mi,DNS
Mike Gourd,---,---,DNS,2415,45-49,51,WA,USA,---,---,---,1.2 mi,---,---,56 mi,---,---,13.1 mi,DNS
Adam Grant,---,---,DNS,2416,45-49,52,CA,USA,---,---,---,1.2 mi,---,---,56 mi,---,---,13.1 mi,DNS
Rodrigo Gras,---,---,DNS,877,40-44,47,CL,CHL,---,---,---,1.2 mi,---,---,56 mi,---,---,13.1 mi,DNS
Al Gray,---,---,DNS,1504,60-64,63,UT,USA,---,---,---,1.2 mi,---,---,56 mi,---,---,13.1 mi,DNS
Dennis Gray,---,---,DNS,2718,30-34,34,TX,USA,---,---,---,1.2 mi,---,---,56 mi,---,---,13.1 mi,DNS
Judy Gray-Higgins,---,---,DNS,1922,50-54,55,CA,USA,---,---,---,1.2 mi,---,---,56 mi,---,---,13.1 mi,DNS
Lyle Greenberg,---,---,DNS,1434,55-59,60,CA,USA,---,---,---,1.2 mi,---,---,56 mi,---,---,13.1 mi,DNS
Ivory Green-Lott,---,---,DNS,2023,35-39,42,AZ,GBR,---,---,---,1.2 mi,---,---,56 mi,---,---,13.1 mi,DNS
Joseph Gregan,---,---,DNS,270,35-39,43,AZ,USA,---,---,---,1.2 mi,---,---,56 mi,---,---,13.1 mi,DNS
Steven Gribble,---,---,DNS,879,40-44,43,CA,USA,---,---,---,1.2 mi,---,---,56 mi,---,---,13.1 mi,DNS
Lisa Griffin,---,---,DNF,1750,45-49,52,CA,USA,---,---,01:04:43,1.2 mi,---,---,56 mi,---,---,13.1 mi,DNF
Zachary Guerra,---,---,DNS,272,35-39,38,CA,USA,---,---,---,1.2 mi,---,---,56 mi,---,---,13.1 mi,DNS
Hilary Gunsaulus,---,---,DNS,2025,35-39,39,CA,USA,---,---,---,1.2 mi,---,---,56 mi,---,---,13.1 mi,DNS
Federico Gutierrez,---,---,DNS,106,PC,43,---,MEX,---,---,---,1.2 mi,---,---,56 mi,---,---,13.1 mi,DNS
Ivan Gutierrez,---,---,DNS,882,40-44,47,Intl State,MEX,---,---,---,1.2 mi,---,---,56 mi,---,---,13.1 mi,DNS
Nicolas Guzman,---,---,DNS,275,35-39,43,Distrito Federal,MEX,---,---,---,1.2 mi,---,---,56 mi,---,---,13.1 mi,DNS
Nick Hackler,---,---,DNS,2724,30-34,37,CA,USA,---,---,---,1.2 mi,---,---,56 mi,---,---,13.1 mi,DNS
Kyle Hafen,---,---,DNS,276,35-39,39,UT,USA,---,---,---,1.2 mi,---,---,56 mi,---,---,13.1 mi,DNS
Mahbod Hajivandi,---,---,DNF,884,40-44,48,CA,USA,---,---,00:41:54,1.2 mi,00:05:07,04:20:59,56 mi,---,---,13.1 mi,DNF
Mitchell Hall,---,---,DNF,885,40-44,44,CA,USA,---,---,00:29:30,1.2 mi,00:03:20,02:19:13,56 mi,---,---,13.1 mi,DNF
Brendan Halpin,---,---,DNF,46,PRO,32,MT,USA,---,---,00:30:13,1.2 mi,00:02:57,02:50:41,56 mi,---,---,13.1 mi,DNF
Riaan Hamilton,---,---,DNS,278,35-39,40,CA,USA,---,---,---,1.2 mi,---,---,56 mi,---,---,13.1 mi,DNS
Bryan Hansen,---,---,DNF,2726,30-34,36,CA,USA,---,---,00:56:23,1.2 mi,00:10:22,---,56 mi,---,---,13.1 mi,DNF
Karsten Hansen,---,---,DNS,890,40-44,47,CA,USA,---,---,---,1.2 mi,---,---,56 mi,---,---,13.1 mi,DNS
Stan Hansen,---,---,DNS,889,40-44,46,UT,USA,---,---,---,1.2 mi,---,---,56 mi,---,---,13.1 mi,DNS
Jeff Harder,---,---,DNS,892,40-44,47,---,USA,---,---,---,1.2 mi,---,---,56 mi,---,---,13.1 mi,DNS
Sophia Hargett,---,---,DNS,1613,40-44,46,CA,USA,---,---,---,1.2 mi,---,---,56 mi,---,---,13.1 mi,DNS
Kelly Harris,---,---,DNS,2029,35-39,39,---,USA,---,---,---,1.2 mi,---,---,56 mi,---,---,13.1 mi,DNS
Scott Harris,---,---,DNS,2422,45-49,51,AZ,USA,---,---,---,1.2 mi,---,---,56 mi,---,---,13.1 mi,DNS
Sarah Hart,---,---,DNS,2030,35-39,39,CA,USA,---,---,---,1.2 mi,---,---,56 mi,---,---,13.1 mi,DNS
William Hart,---,---,DNF,2730,30-34,37,CA,USA,---,---,00:48:42,1.2 mi,00:07:00,03:33:01,56 mi,---,---,13.1 mi,DNF
Michael Hattan,---,---,DNF,281,35-39,43,CA,USA,---,---,00:35:55,1.2 mi,00:05:21,03:03:24,56 mi,00:27:26,---,13.1 mi,DNF
Lori Hayek,---,---,DNS,1753,45-49,51,CA,USA,---,---,---,1.2 mi,---,---,56 mi,---,---,13.1 mi,DNS
Carl Hayes,---,---,DNS,624,25-29,33,NV,USA,---,---,---,1.2 mi,---,---,56 mi,---,---,13.1 mi,DNS
Carrie Hayes,---,---,DNS,530,18-24,30,CA,USA,---,---,---,1.2 mi,---,---,56 mi,---,---,13.1 mi,DNS
Desmond Hayes,---,---,DNS,623,25-29,33,CA,USA,---,---,---,1.2 mi,---,---,56 mi,---,---,13.1 mi,DNS
Patrick Hayes,---,---,DNS,2731,30-34,35,CA,USA,---,---,---,1.2 mi,---,---,56 mi,---,---,13.1 mi,DNS
Mike Hebebrand,---,---,DNS,2426,45-49,51,CA,USA,---,---,---,1.2 mi,---,---,56 mi,---,---,13.1 mi,DNS
Julie Heck,---,---,DNS,2033,35-39,39,CA,USA,---,---,---,1.2 mi,---,---,56 mi,---,---,13.1 mi,DNS
Jennnifer Heeter,---,---,DNF,2034,35-39,41,CA,USA,---,---,00:55:51,1.2 mi,00:05:03,---,56 mi,---,---,13.1 mi,DNF
Kelley Hefner,---,---,DNF,2734,30-34,38,CO,USA,---,---,01:10:33,1.2 mi,00:06:56,---,56 mi,---,---,13.1 mi,DNF
Kevin Heller,---,---,DNS,1262,50-54,55,CA,USA,---,---,---,1.2 mi,---,---,56 mi,---,---,13.1 mi,DNS
Karl Herbst,---,---,DNS,897,40-44,44,CA,USA,---,---,---,1.2 mi,---,---,56 mi,---,---,13.1 mi,DNS
Elvia Herr,---,---,DNS,1615,40-44,48,CA,USA,---,---,---,1.2 mi,---,---,56 mi,---,---,13.1 mi,DNS
Joshua Hickey,---,---,DNS,286,35-39,42,CA,USA,---,---,---,1.2 mi,---,---,56 mi,---,---,13.1 mi,DNS
Bryan Hill,---,---,DNS,290,35-39,40,CA,USA,---,---,---,1.2 mi,---,---,56 mi,---,---,13.1 mi,DNS
Landon Hill,---,---,DNS,289,35-39,40,CA,USA,---,---,---,1.2 mi,---,---,56 mi,---,---,13.1 mi,DNS
Zion Hilliker,---,---,DNS,2737,30-34,33,CA,USA,---,---,---,1.2 mi,---,---,56 mi,---,---,13.1 mi,DNS
Lauren Hinton,---,---,DNS,2195,30-34,38,CA,USA,---,---,---,1.2 mi,---,---,56 mi,---,---,13.1 mi,DNS
Patrick Hobbs,---,---,DNS,2738,30-34,34,AZ,USA,---,---,---,1.2 mi,---,---,56 mi,---,---,13.1 mi,DNS
Kevin Hockley,---,---,DNS,2428,45-49,51,WA,USA,---,---,---,1.2 mi,---,---,56 mi,---,---,13.1 mi,DNS
Kebby Holden,---,---,DNS,1617,40-44,43,CA,USA,---,---,---,1.2 mi,---,---,56 mi,---,---,13.1 mi,DNS
Liv Holmberg,---,---,DNS,1757,45-49,52,CA,USA,---,---,---,1.2 mi,---,---,56 mi,---,---,13.1 mi,DNS
Jason  Holmes,---,---,DNS,292,35-39,43,AZ,USA,---,---,---,1.2 mi,---,---,56 mi,---,---,13.1 mi,DNS
Kelly Holmes,---,---,DNS,2197,30-34,36,HI,USA,---,---,---,1.2 mi,---,---,56 mi,---,---,13.1 mi,DNS
Mark Holowesko,---,---,DNS,119,50-54,56,Intl State,BHS,---,---,---,1.2 mi,---,---,56 mi,---,---,13.1 mi,DNS
Son Hong,---,---,DNS,628,25-29,33,TX,USA,---,---,---,1.2 mi,---,---,56 mi,---,---,13.1 mi,DNS
Evan Hoover,---,---,DNS,1200,50-54,54,CA,USA,---,---,---,1.2 mi,---,---,56 mi,---,---,13.1 mi,DNS
Jonathan Hotchkiss,---,---,DNS,41,PRO,37,---,GBR,---,---,---,1.2 mi,---,---,56 mi,---,---,13.1 mi,DNS
Denise Hughes,---,---,DNS,2199,30-34,36,CA,USA,---,---,---,1.2 mi,---,---,56 mi,---,---,13.1 mi,DNS
Sarah Hughes,---,---,DNS,2036,35-39,43,HI,USA,---,---,---,1.2 mi,---,---,56 mi,---,---,13.1 mi,DNS
Jenelle Hughlett,---,---,DNS,2200,30-34,37,CA,USA,---,---,---,1.2 mi,---,---,56 mi,---,---,13.1 mi,DNS
Kyle Hummel,---,---,DNS,2741,30-34,35,CA,USA,---,---,---,1.2 mi,---,---,56 mi,---,---,13.1 mi,DNS
Martha Hunt,---,---,DNS,1927,50-54,56,CA,USA,---,---,---,1.2 mi,---,---,56 mi,---,---,13.1 mi,DNS
Greg Hunter,---,---,DNS,1314,50-54,56,AZ,USA,---,---,---,1.2 mi,---,---,56 mi,---,---,13.1 mi,DNS
Chris Hutchins,---,---,DNS,909,40-44,47,CA,USA,---,---,---,1.2 mi,---,---,56 mi,---,---,13.1 mi,DNS
Aaron Hutchinson,---,---,DNS,910,40-44,46,CA,USA,---,---,---,1.2 mi,---,---,56 mi,---,---,13.1 mi,DNS
Robert Hutchison,---,---,DNS,2432,45-49,52,AZ,USA,---,---,---,1.2 mi,---,---,56 mi,---,---,13.1 mi,DNS
Joy Ikenaga,---,---,DNS,2037,35-39,43,CA,USA,---,---,---,1.2 mi,---,---,56 mi,---,---,13.1 mi,DNS
Sarah Ingersoll,---,---,DNF,1990,70-74,74,CA,USA,---,---,01:07:12,1.2 mi,00:13:33,---,56 mi,---,---,13.1 mi,DNF
Karl Isaac,---,---,DNS,2434,45-49,49,CA,USA,---,---,---,1.2 mi,---,---,56 mi,---,---,13.1 mi,DNS
Mike Isgrig,---,---,DNS,2435,45-49,53,CA,USA,---,---,---,1.2 mi,---,---,56 mi,---,---,13.1 mi,DNS
Claudia Iturbide,---,---,DNS,2010,35-39,39,---,MEX,---,---,---,1.2 mi,---,---,56 mi,---,---,13.1 mi,DNS
Felix Jaber,---,---,DNS,2436,45-49,53,Intl State,MEX,---,---,---,1.2 mi,---,---,56 mi,---,---,13.1 mi,DNS
Nina Jack,---,---,DNS,1619,40-44,44,CA,USA,---,---,---,1.2 mi,---,---,56 mi,---,---,13.1 mi,DNS
Rick Jacobo,---,---,DNS,2746,30-34,37,CA,USA,---,---,---,1.2 mi,---,---,56 mi,---,---,13.1 mi,DNS
Jim Jacobsen,---,---,DNS,914,40-44,45,CA,USA,---,---,---,1.2 mi,---,---,56 mi,---,---,13.1 mi,DNS
Evan Jacobson,---,---,DNS,300,35-39,42,CA,USA,---,---,---,1.2 mi,---,---,56 mi,---,---,13.1 mi,DNS
Todd James,---,---,DNS,108,PC,46,CA,USA,---,---,---,1.2 mi,---,---,56 mi,---,---,13.1 mi,DNS
Thomas Jameson,---,---,DNS,1264,50-54,55,CA,USA,---,---,---,1.2 mi,---,---,56 mi,---,---,13.1 mi,DNS
David Jessup,---,---,DNS,917,40-44,45,WA,USA,---,---,---,1.2 mi,---,---,56 mi,---,---,13.1 mi,DNS
Ivonne Jimenez,---,---,DNS,2040,35-39,41,CA,USA,---,---,---,1.2 mi,---,---,56 mi,---,---,13.1 mi,DNS
David Jin,---,---,DNS,302,35-39,40,CA,USA,---,---,---,1.2 mi,---,---,56 mi,---,---,13.1 mi,DNS
Michael Johansson,---,---,DNS,1201,50-54,53,CA,USA,---,---,---,1.2 mi,---,---,56 mi,---,---,13.1 mi,DNS
Scott Johnson,---,---,DNS,2438,45-49,49,AZ,USA,---,---,---,1.2 mi,---,---,56 mi,---,---,13.1 mi,DNS
Nancy Johnston,---,---,DNS,1929,50-54,57,CA,USA,---,---,---,1.2 mi,---,---,56 mi,---,---,13.1 mi,DNS
Jill Judd,---,---,DNS,1930,50-54,54,CA,USA,---,---,---,1.2 mi,---,---,56 mi,---,---,13.1 mi,DNS
Edward Kanner,---,---,DNS,2442,45-49,51,CA,USA,---,---,---,1.2 mi,---,---,56 mi,---,---,13.1 mi,DNS
Kris Kaplan,---,---,DNS,926,40-44,48,CT,USA,---,---,---,1.2 mi,---,---,56 mi,---,---,13.1 mi,DNS
Jennifer Kaul,---,---,DNS,1763,45-49,52,AZ,USA,---,---,---,1.2 mi,---,---,56 mi,---,---,13.1 mi,DNS
Christina Kaye,---,---,DNF,2044,35-39,40,CA,USA,---,---,01:16:16,1.2 mi,00:15:45,---,56 mi,---,---,13.1 mi,DNF
Lynn Keane,---,---,DNS,1764,45-49,51,CA,USA,---,---,---,1.2 mi,---,---,56 mi,---,---,13.1 mi,DNS
Brett Keith,---,---,DNS,928,40-44,44,NY,USA,---,---,---,1.2 mi,---,---,56 mi,---,---,13.1 mi,DNS
Lisa Keller,---,---,DNS,2206,30-34,38,AZ,USA,---,---,---,1.2 mi,---,---,56 mi,---,---,13.1 mi,DNS
James Kelley,---,---,DNS,1266,50-54,55,WI,USA,---,---,---,1.2 mi,---,---,56 mi,---,---,13.1 mi,DNS
Mark Kelley,---,---,DNS,1315,50-54,55,CA,USA,---,---,---,1.2 mi,---,---,56 mi,---,---,13.1 mi,DNS
Curran Kennedy,---,---,DNS,2752,30-34,33,IN,USA,---,---,---,1.2 mi,---,---,56 mi,---,---,13.1 mi,DNS
Laura Kern,---,---,DNF,2156,30-34,36,CA,USA,---,---,00:39:35,1.2 mi,00:05:13,---,56 mi,---,---,13.1 mi,DNF
Michael Kidd,---,---,DNS,2754,30-34,36,GA,USA,---,---,---,1.2 mi,---,---,56 mi,---,---,13.1 mi,DNS
Stephanie Kinley,---,---,DNS,1624,40-44,46,CA,USA,---,---,---,1.2 mi,---,---,56 mi,---,---,13.1 mi,DNS
Trisha Kinsman,---,---,DNS,1713,18-24,28,CA,USA,---,---,---,1.2 mi,---,---,56 mi,---,---,13.1 mi,DNS
Theodore Klaassen,---,---,DNS,935,40-44,46,CA,USA,---,---,---,1.2 mi,---,---,56 mi,---,---,13.1 mi,DNS
Carmen Kline,---,---,DNF,1933,50-54,56,CA,USA,---,---,01:02:07,1.2 mi,00:07:50,04:27:12,56 mi,00:05:38,---,13.1 mi,DNF
Jon Klingensmith,---,---,DNS,315,35-39,41,IL,USA,---,---,---,1.2 mi,---,---,56 mi,---,---,13.1 mi,DNS
Rosalie Kneebone,---,---,DNS,1627,40-44,47,CA,USA,---,---,---,1.2 mi,---,---,56 mi,---,---,13.1 mi,DNS
Kira Knickrehm,---,---,DNS,1866,25-29,31,CA,USA,---,---,---,1.2 mi,---,---,56 mi,---,---,13.1 mi,DNS
Jon Knight,---,---,DNS,939,40-44,48,CA,USA,---,---,---,1.2 mi,---,---,56 mi,---,---,13.1 mi,DNS
Briana Knights,---,---,DNS,1715,18-24,27,CA,USA,---,---,---,1.2 mi,---,---,56 mi,---,---,13.1 mi,DNS
Steven Knowles,---,---,DNF,1404,55-59,58,CA,USA,---,---,01:08:57,1.2 mi,00:21:30,04:13:11,56 mi,---,---,13.1 mi,DNF
Harpal Kochar,---,---,DNS,942,40-44,43,CA,USA,---,---,---,1.2 mi,---,---,56 mi,---,---,13.1 mi,DNS
Thomas Koundakjian,---,---,DNS,2446,45-49,51,CA,USA,---,---,---,1.2 mi,---,---,56 mi,---,---,13.1 mi,DNS
Dana Krancevic,---,---,DNS,1517,60-64,65,CA,USA,---,---,---,1.2 mi,---,---,56 mi,---,---,13.1 mi,DNS
Marlene Krpata,---,---,DNS,105,PC,45,CA,USA,---,---,---,1.2 mi,---,---,56 mi,---,---,13.1 mi,DNS
Susan Krupa,---,---,DNS,1986,65-69,70,AZ,USA,---,---,---,1.2 mi,---,---,56 mi,---,---,13.1 mi,DNS
John Kruper,---,---,DNS,1269,50-54,55,IL,USA,---,---,---,1.2 mi,---,---,56 mi,---,---,13.1 mi,DNS
Lisa Kuntze,---,---,DNS,1651,40-44,47,AZ,USA,---,---,---,1.2 mi,---,---,56 mi,---,---,13.1 mi,DNS
Murdoch Kurt,---,---,DNS,2489,45-49,50,CA,USA,---,---,---,1.2 mi,---,---,56 mi,---,---,13.1 mi,DNS
Chris La Salle,---,---,DNS,2447,45-49,50,CA,USA,---,---,---,1.2 mi,---,---,56 mi,---,---,13.1 mi,DNS
Maurice Lacson,---,---,DNS,322,35-39,40,CA,USA,---,---,---,1.2 mi,---,---,56 mi,---,---,13.1 mi,DNS
Michael Laman,---,---,DNS,324,35-39,41,CA,USA,---,---,---,1.2 mi,---,---,56 mi,---,---,13.1 mi,DNS
Jennifer Lamb,---,---,DNS,2051,35-39,43,---,USA,---,---,---,1.2 mi,---,---,56 mi,---,---,13.1 mi,DNS
Derek Landry,---,---,DNS,950,40-44,43,CA,USA,---,---,---,1.2 mi,---,---,56 mi,---,---,13.1 mi,DNS
Lisa Lange,---,---,DNS,1770,45-49,50,CA,USA,---,---,---,1.2 mi,---,---,56 mi,---,---,13.1 mi,DNS
Emily Lanter,---,---,DNS,2259,30-34,34,MO,USA,---,---,---,1.2 mi,---,---,56 mi,---,---,13.1 mi,DNS
Amy Larson,---,---,DNS,1630,40-44,45,CA,USA,---,---,---,1.2 mi,---,---,56 mi,---,---,13.1 mi,DNS
Jake Larson,---,---,DNS,327,35-39,40,CA,USA,---,---,---,1.2 mi,---,---,56 mi,---,---,13.1 mi,DNS
Searle Lasarow,---,---,DNS,2451,45-49,52,CA,USA,---,---,---,1.2 mi,---,---,56 mi,---,---,13.1 mi,DNS
Garrett Lee,---,---,DNS,2767,30-34,36,CA,USA,---,---,---,1.2 mi,---,---,56 mi,---,---,13.1 mi,DNS
Shandra Lee,---,---,DNS,2055,35-39,42,AZ,USA,---,---,---,1.2 mi,---,---,56 mi,---,---,13.1 mi,DNS
Jamie Legere,---,---,DNS,1772,45-49,49,CA,USA,---,---,---,1.2 mi,---,---,56 mi,---,---,13.1 mi,DNS
Christopher Legh,---,---,DNS,7,PRO,43,CO,USA,---,---,---,1.2 mi,---,---,56 mi,---,---,13.1 mi,DNS
Stacey Leiber,---,---,DNS,1773,45-49,48,CA,USA,---,---,---,1.2 mi,---,---,56 mi,---,---,13.1 mi,DNS
Bill Leitner,---,---,DNS,334,35-39,42,CA,USA,---,---,---,1.2 mi,---,---,56 mi,---,---,13.1 mi,DNS
Jose Leiva,---,---,DNF,2770,30-34,37,CA,USA,---,---,01:07:08,1.2 mi,00:05:49,---,56 mi,---,---,13.1 mi,DNF
Trevor Lennard,---,---,DNS,2455,45-49,50,NC,USA,---,---,---,1.2 mi,---,---,56 mi,---,---,13.1 mi,DNS
Kimberly Lepage,---,---,DNS,2217,30-34,38,CA,USA,---,---,---,1.2 mi,---,---,56 mi,---,---,13.1 mi,DNS
Charrissa Levasseur,---,---,DNS,2204,30-34,35,AZ,USA,---,---,---,1.2 mi,---,---,56 mi,---,---,13.1 mi,DNS
David Levasseur,---,---,DNS,335,35-39,43,CA,USA,---,---,---,1.2 mi,---,---,56 mi,---,---,13.1 mi,DNS
Daniel Levine,---,---,DNS,2771,30-34,33,CA,USA,---,---,---,1.2 mi,---,---,56 mi,---,---,13.1 mi,DNS
Dustin Lewis,---,---,DNS,2772,30-34,35,CA,USA,---,---,---,1.2 mi,---,---,56 mi,---,---,13.1 mi,DNS
Paul Linck,---,---,DNS,2459,45-49,51,GA,USA,---,---,---,1.2 mi,---,---,56 mi,---,---,13.1 mi,DNS
Robert Little,---,---,DNS,2462,45-49,51,CA,USA,---,---,---,1.2 mi,---,---,56 mi,---,---,13.1 mi,DNS
Roger Little,---,---,DNS,1568,70-74,75,---,USA,---,---,---,1.2 mi,---,---,56 mi,---,---,13.1 mi,DNS
Jeff Lockway,---,---,DNS,343,35-39,38,CA,USA,---,---,---,1.2 mi,---,---,56 mi,---,---,13.1 mi,DNS
Daniel Logan,---,---,DNS,1492,55-59,63,AK,USA,---,---,---,1.2 mi,---,---,56 mi,---,---,13.1 mi,DNS
Miriam Long,---,---,DNS,1775,45-49,51,WA,USA,---,---,---,1.2 mi,---,---,56 mi,---,---,13.1 mi,DNS
Luis Lons,---,---,DNS,963,40-44,48,Army Asia,ARG,---,---,---,1.2 mi,---,---,56 mi,---,---,13.1 mi,DNS
Cam Loos,---,---,DNS,964,40-44,44,FL,USA,---,---,---,1.2 mi,---,---,56 mi,---,---,13.1 mi,DNS
Roberto Lopez Konschot,---,---,DNS,344,35-39,39,APO,MEX,---,---,---,1.2 mi,---,---,56 mi,---,---,13.1 mi,DNS
Amanda Lovato,---,---,DNS,61,PRO,44,CO,USA,---,---,---,1.2 mi,---,---,56 mi,---,---,13.1 mi,DNS
Michael Lovato,---,---,DNS,6,PRO,42,CO,USA,---,---,---,1.2 mi,---,---,56 mi,---,---,13.1 mi,DNS
Peggy Lovejoy,---,---,DNS,1777,45-49,52,OR,USA,---,---,---,1.2 mi,---,---,56 mi,---,---,13.1 mi,DNS
Miles Lovelace,---,---,DNS,1370,50-54,58,CA,USA,---,---,---,1.2 mi,---,---,56 mi,---,---,13.1 mi,DNS
Milan Lubanko,---,---,DNS,2465,45-49,50,CA,USA,---,---,---,1.2 mi,---,---,56 mi,---,---,13.1 mi,DNS
Umberto Luchini,---,---,DNS,346,35-39,43,CA,USA,---,---,---,1.2 mi,---,---,56 mi,---,---,13.1 mi,DNS
Abby Luedecke,---,---,DNS,2182,30-34,35,AZ,USA,---,---,---,1.2 mi,---,---,56 mi,---,---,13.1 mi,DNS
Jamie Lutz,---,---,DNS,1937,50-54,54,CA,USA,---,---,---,1.2 mi,---,---,56 mi,---,---,13.1 mi,DNS
Alice Ma,---,---,DNF,1635,40-44,44,CA,USA,---,---,00:51:39,1.2 mi,00:13:10,04:22:44,56 mi,00:10:05,---,13.1 mi,DNF
Malcolm Macdonald,---,---,DNS,1409,55-59,59,CA,USA,---,---,---,1.2 mi,---,---,56 mi,---,---,13.1 mi,DNS
Marcus Machado,---,---,DNS,2466,45-49,52,CA,USA,---,---,---,1.2 mi,---,---,56 mi,---,---,13.1 mi,DNS
Alonso Macias,---,---,DNS,351,35-39,40,CO,MEX,---,---,---,1.2 mi,---,---,56 mi,---,---,13.1 mi,DNS
Tom Macrae,---,---,DNS,2467,45-49,51,CA,USA,---,---,---,1.2 mi,---,---,56 mi,---,---,13.1 mi,DNS
Mackenzie Madison,---,---,DNS,62,PRO,30,OR,USA,---,---,---,1.2 mi,---,---,56 mi,---,---,13.1 mi,DNS
Kurt Maier,---,---,DNS,352,35-39,42,CA,USA,---,---,---,1.2 mi,---,---,56 mi,---,---,13.1 mi,DNS
Valeria Makrogiannis,---,---,DNS,2065,35-39,43,CA,USA,---,---,---,1.2 mi,---,---,56 mi,---,---,13.1 mi,DNS
Jose Amado Mamuric,---,---,DNS,971,40-44,47,---,PHL,---,---,---,1.2 mi,---,---,56 mi,---,---,13.1 mi,DNS
Chris Marlin,---,---,DNS,2781,30-34,35,NV,USA,---,---,---,1.2 mi,---,---,56 mi,---,---,13.1 mi,DNS
Travis Martois,---,---,DNS,977,40-44,45,CA,USA,---,---,---,1.2 mi,---,---,56 mi,---,---,13.1 mi,DNS
Brian Massey,---,---,DNS,979,40-44,46,CA,USA,---,---,---,1.2 mi,---,---,56 mi,---,---,13.1 mi,DNS
Rene Matt,---,---,DNS,1319,50-54,56,CA,USA,---,---,---,1.2 mi,---,---,56 mi,---,---,13.1 mi,DNS
Steve Mazza,---,---,DNS,2473,45-49,53,---,USA,---,---,---,1.2 mi,---,---,56 mi,---,---,13.1 mi,DNS
Kirk Mccarville,---,---,DNS,1476,55-59,62,AZ,USA,---,---,---,1.2 mi,---,---,56 mi,---,---,13.1 mi,DNS
Keith Mcconnell,---,---,DNS,1348,50-54,57,CA,USA,---,---,---,1.2 mi,---,---,56 mi,---,---,13.1 mi,DNS
Sandy McGann,---,---,DNS,1940,50-54,55,CA,USA,---,---,---,1.2 mi,---,---,56 mi,---,---,13.1 mi,DNS
Bruce Mcgillivray,---,---,DNS,1458,55-59,61,IL,USA,---,---,---,1.2 mi,---,---,56 mi,---,---,13.1 mi,DNS
Diane Mcgimsey,---,---,DNS,2068,35-39,39,CA,USA,---,---,---,1.2 mi,---,---,56 mi,---,---,13.1 mi,DNS
Cindi Mcgrath,---,---,DNS,2227,30-34,34,AZ,USA,---,---,---,1.2 mi,---,---,56 mi,---,---,13.1 mi,DNS
Sean Mcgroarty,---,---,DNS,2477,45-49,48,CA,USA,---,---,---,1.2 mi,---,---,56 mi,---,---,13.1 mi,DNS
John Mcguire,---,---,DNS,987,40-44,46,CA,USA,---,---,---,1.2 mi,---,---,56 mi,---,---,13.1 mi,DNS
Richard Mckilligan,---,---,DNS,2478,45-49,53,CA,USA,---,---,---,1.2 mi,---,---,56 mi,---,---,13.1 mi,DNS
Caro Mckillop,---,---,DNS,1640,40-44,46,CA,USA,---,---,---,1.2 mi,---,---,56 mi,---,---,13.1 mi,DNS
Katie Mclean,---,---,DNS,1787,45-49,51,AB,CAN,---,---,---,1.2 mi,---,---,56 mi,---,---,13.1 mi,DNS
Chad Mcmahon,---,---,DNS,990,40-44,45,WI,USA,---,---,---,1.2 mi,---,---,56 mi,---,---,13.1 mi,DNS
Guy Tyler Mcnabb,---,---,DNS,534,18-24,27,IL,USA,---,---,---,1.2 mi,---,---,56 mi,---,---,13.1 mi,DNS
Wayne Mehl,---,---,DNS,1572,75-79,78,CA,USA,---,---,---,1.2 mi,---,---,56 mi,---,---,13.1 mi,DNS
Jason Meier,---,---,DNS,994,40-44,47,CA,USA,---,---,---,1.2 mi,---,---,56 mi,---,---,13.1 mi,DNS
Elizabeth Mele,---,---,DNS,1642,40-44,47,CA,USA,---,---,---,1.2 mi,---,---,56 mi,---,---,13.1 mi,DNS
Jennifer Mendes,---,---,DNS,2229,30-34,37,CA,USA,---,---,---,1.2 mi,---,---,56 mi,---,---,13.1 mi,DNS
Karyn Mentink,---,---,DNS,1644,40-44,46,CA,USA,---,---,---,1.2 mi,---,---,56 mi,---,---,13.1 mi,DNS
Stephen Meyer,---,---,DNS,997,40-44,47,BC,CAN,---,---,---,1.2 mi,---,---,56 mi,---,---,13.1 mi,DNS
Peter Meyers,---,---,DNS,2794,30-34,38,AZ,USA,---,---,---,1.2 mi,---,---,56 mi,---,---,13.1 mi,DNS
Tom Mezzanotte,---,---,DNS,998,40-44,48,SC,USA,---,---,---,1.2 mi,---,---,56 mi,---,---,13.1 mi,DNS
Chuck Micalef,---,---,DNS,1206,50-54,54,CA,USA,---,---,---,1.2 mi,---,---,56 mi,---,---,13.1 mi,DNS
Denise Middlebrooks,---,---,DNS,1979,60-64,65,CA,USA,---,---,---,1.2 mi,---,---,56 mi,---,---,13.1 mi,DNS
Michael Miller,---,---,DNS,1556,65-69,70,CA,USA,---,---,---,1.2 mi,---,---,56 mi,---,---,13.1 mi,DNS
Ana Minarro,---,---,DNS,1645,40-44,45,---,MEX,---,---,---,1.2 mi,---,---,56 mi,---,---,13.1 mi,DNS
Gabby Minaya,---,---,DNS,1001,40-44,46,CA,USA,---,---,---,1.2 mi,---,---,56 mi,---,---,13.1 mi,DNS
Samantha Minks,---,---,DNS,1717,18-24,27,AK,USA,---,---,---,1.2 mi,---,---,56 mi,---,---,13.1 mi,DNS
Cross Missakian,---,---,DNS,365,35-39,42,CA,USA,---,---,---,1.2 mi,---,---,56 mi,---,---,13.1 mi,DNS
Erika Mitchell,---,---,DNF,2072,35-39,39,CA,USA,---,---,00:51:47,1.2 mi,00:10:50,---,56 mi,---,---,13.1 mi,DNF
Monte Mitchell,---,---,DNS,1003,40-44,47,CA,USA,---,---,---,1.2 mi,---,---,56 mi,---,---,13.1 mi,DNS
Cheryl Moffett,---,---,DNS,1943,50-54,55,AZ,USA,---,---,---,1.2 mi,---,---,56 mi,---,---,13.1 mi,DNS
Tina Moffit,---,---,DNS,1789,45-49,52,CA,USA,---,---,---,1.2 mi,---,---,56 mi,---,---,13.1 mi,DNS
Ryan Moll,---,---,DNS,367,35-39,42,CA,USA,---,---,---,1.2 mi,---,---,56 mi,---,---,13.1 mi,DNS
Jenny Monson,---,---,DNS,1790,45-49,50,UT,USA,---,---,---,1.2 mi,---,---,56 mi,---,---,13.1 mi,DNS
Lynn Monson,---,---,DNS,2483,45-49,51,UT,USA,---,---,---,1.2 mi,---,---,56 mi,---,---,13.1 mi,DNS
Blake Moore,---,---,DNS,2798,30-34,34,UT,USA,---,---,---,1.2 mi,---,---,56 mi,---,---,13.1 mi,DNS
Stephen Morrison,---,---,DNS,2487,45-49,53,CA,USA,---,---,---,1.2 mi,---,---,56 mi,---,---,13.1 mi,DNS
Janet Mosby,---,---,DNS,2075,35-39,39,CA,USA,---,---,---,1.2 mi,---,---,56 mi,---,---,13.1 mi,DNS
Nina Mosby,---,---,DNF,1647,40-44,47,CA,USA,---,---,01:03:18,1.2 mi,00:10:05,---,56 mi,---,---,13.1 mi,DNF
Kurt Mueller,---,---,DNF,1008,40-44,47,CA,USA,---,---,00:41:54,1.2 mi,00:11:56,04:51:20,56 mi,---,---,13.1 mi,DNF
Kaitlyn Murphy,---,---,DNF,2232,30-34,34,CA,USA,---,---,00:40:53,1.2 mi,00:06:42,02:52:59,56 mi,---,---,13.1 mi,DNF
Darrell Myrick,---,---,DNS,1441,55-59,60,CA,USA,---,---,---,1.2 mi,---,---,56 mi,---,---,13.1 mi,DNS
Kyle Myrick,---,---,DNS,649,25-29,30,CA,USA,---,---,---,1.2 mi,---,---,56 mi,---,---,13.1 mi,DNS
Dusty Nabor,---,---,DNS,374,35-39,41,CA,USA,---,---,---,1.2 mi,---,---,56 mi,---,---,13.1 mi,DNS
Michael Naranjo,---,---,DNS,375,35-39,43,CA,USA,---,---,---,1.2 mi,---,---,56 mi,---,---,13.1 mi,DNS
Fabian Narvaez,---,---,DNS,2801,30-34,36,---,MEX,---,---,---,1.2 mi,---,---,56 mi,---,---,13.1 mi,DNS
Kelly Nash,---,---,DNF,2049,35-39,40,AZ,USA,---,---,00:39:48,1.2 mi,00:06:47,03:04:22,56 mi,---,---,13.1 mi,DNF
Jonathan Needell,---,---,DNS,1012,40-44,46,CA,USA,---,---,---,1.2 mi,---,---,56 mi,---,---,13.1 mi,DNS
Ruth Neta,---,---,DNF,2234,30-34,35,---,BRA,---,---,00:36:19,1.2 mi,00:06:29,03:28:52,56 mi,---,---,13.1 mi,DNF
Andi Neugarten,---,---,DNS,1794,45-49,50,CA,USA,---,---,---,1.2 mi,---,---,56 mi,---,---,13.1 mi,DNS
Jeannie Nguyen,---,---,DNS,2079,35-39,43,CA,USA,---,---,---,1.2 mi,---,---,56 mi,---,---,13.1 mi,DNS
Zachary Niles,---,---,DNS,2807,30-34,38,CA,USA,---,---,---,1.2 mi,---,---,56 mi,---,---,13.1 mi,DNS
Nir Nimrodi,---,---,DNS,1015,40-44,47,CA,USA,---,---,---,1.2 mi,---,---,56 mi,---,---,13.1 mi,DNS
Giancarlo Nisimblat,---,---,DNS,1016,40-44,48,TX,USA,---,---,---,1.2 mi,---,---,56 mi,---,---,13.1 mi,DNS
Paul Noble,---,---,DNS,1017,40-44,48,HI,USA,---,---,---,1.2 mi,---,---,56 mi,---,---,13.1 mi,DNS
Justus Norgord,---,---,DNS,1019,40-44,45,CA,USA,---,---,---,1.2 mi,---,---,56 mi,---,---,13.1 mi,DNS
Enrique Novelo,---,---,DNS,379,35-39,41,---,MEX,---,---,---,1.2 mi,---,---,56 mi,---,---,13.1 mi,DNS
Marta Nunes,---,---,DNS,1948,50-54,54,---,BRA,---,---,---,1.2 mi,---,---,56 mi,---,---,13.1 mi,DNS
Richard Nuttall,---,---,DNS,1479,55-59,62,CA,USA,---,---,---,1.2 mi,---,---,56 mi,---,---,13.1 mi,DNS
Doug Nyeholt,---,---,DNS,1413,55-59,59,CA,USA,---,---,---,1.2 mi,---,---,56 mi,---,---,13.1 mi,DNS
Lawrence O'Brien,---,---,DNS,2493,45-49,52,CA,USA,---,---,---,1.2 mi,---,---,56 mi,---,---,13.1 mi,DNS
Carol Ofenstein,---,---,DNS,2080,35-39,42,CA,USA,---,---,---,1.2 mi,---,---,56 mi,---,---,13.1 mi,DNS
Joe Oflaherty,---,---,DNS,381,35-39,39,CA,USA,---,---,---,1.2 mi,---,---,56 mi,---,---,13.1 mi,DNS
Doug Olafson,---,---,DNS,383,35-39,43,---,CAN,---,---,---,1.2 mi,---,---,56 mi,---,---,13.1 mi,DNS
Brian O'Neill,---,---,DNS,385,35-39,40,CA,USA,---,---,---,1.2 mi,---,---,56 mi,---,---,13.1 mi,DNS
Jason Oraker,---,---,DNS,386,35-39,38,NC,USA,---,---,---,1.2 mi,---,---,56 mi,---,---,13.1 mi,DNS
Judy Orlandella,---,---,DNS,1720,45-49,49,CA,TUR,---,---,---,1.2 mi,---,---,56 mi,---,---,13.1 mi,DNS
Kevin Osen,---,---,DNS,1026,40-44,47,CA,USA,---,---,---,1.2 mi,---,---,56 mi,---,---,13.1 mi,DNS
Lori Osen,---,---,DNS,2081,35-39,43,CA,USA,---,---,---,1.2 mi,---,---,56 mi,---,---,13.1 mi,DNS
Hans Ouellet,---,---,DNS,1028,40-44,48,CA,USA,---,---,---,1.2 mi,---,---,56 mi,---,---,13.1 mi,DNS
Ray Owen,---,---,DNS,391,35-39,39,CA,USA,---,---,---,1.2 mi,---,---,56 mi,---,---,13.1 mi,DNS
Randy Paar,---,---,DNS,1029,40-44,48,NV,USA,---,---,---,1.2 mi,---,---,56 mi,---,---,13.1 mi,DNS
Francesco Paesani,---,---,DNS,1031,40-44,45,CA,USA,---,---,---,1.2 mi,---,---,56 mi,---,---,13.1 mi,DNS
Michelle Paknad,---,---,DNS,2236,30-34,37,CA,USA,---,---,---,1.2 mi,---,---,56 mi,---,---,13.1 mi,DNS
Scott Palkoski,---,---,DNS,1032,40-44,45,---,USA,---,---,---,1.2 mi,---,---,56 mi,---,---,13.1 mi,DNS
Darrell Park,---,---,DNF,1035,40-44,47,CA,USA,---,---,01:03:40,1.2 mi,00:11:44,---,56 mi,---,---,13.1 mi,DNF
Domenico Passuello,---,---,DNS,29,PRO,38,Intl State,ITA,---,---,---,1.2 mi,---,---,56 mi,---,---,13.1 mi,DNS
Meredith Patton,---,---,DNS,2083,35-39,41,CA,USA,---,---,---,1.2 mi,---,---,56 mi,---,---,13.1 mi,DNS
Melissa Payne,---,---,DNS,2084,35-39,42,UT,USA,---,---,---,1.2 mi,---,---,56 mi,---,---,13.1 mi,DNS
Steven Peace,---,---,DNS,111,PC,42,CA,USA,---,---,---,1.2 mi,---,---,56 mi,---,---,13.1 mi,DNS
Annie Pedron,---,---,DNS,1797,45-49,51,CA,USA,---,---,---,1.2 mi,---,---,56 mi,---,---,13.1 mi,DNS
Louis Peek,---,---,DNS,395,35-39,39,CA,USA,---,---,---,1.2 mi,---,---,56 mi,---,---,13.1 mi,DNS
Greg Pellegrino,---,---,DNS,2819,30-34,37,CA,USA,---,---,---,1.2 mi,---,---,56 mi,---,---,13.1 mi,DNS
William Pendley,---,---,DNS,396,35-39,41,CA,USA,---,---,---,1.2 mi,---,---,56 mi,---,---,13.1 mi,DNS
Nielsen Pereira,---,---,DNS,2500,45-49,50,---,BRA,---,---,---,1.2 mi,---,---,56 mi,---,---,13.1 mi,DNS
Amy Perez,---,---,DNS,1654,40-44,44,CA,USA,---,---,---,1.2 mi,---,---,56 mi,---,---,13.1 mi,DNS
Robert Perez,---,---,DNS,2820,30-34,38,CA,USA,---,---,---,1.2 mi,---,---,56 mi,---,---,13.1 mi,DNS
Page Perry,---,---,DNF,2086,35-39,38,CA,USA,---,---,00:39:04,1.2 mi,00:08:02,03:10:07,56 mi,---,---,13.1 mi,DNF
Cuan Petersen,---,---,DNS,1048,40-44,44,CA,USA,---,---,---,1.2 mi,---,---,56 mi,---,---,13.1 mi,DNS
Matt Petersen,---,---,DNS,401,35-39,41,CA,USA,---,---,---,1.2 mi,---,---,56 mi,---,---,13.1 mi,DNS
Arin Peterson,---,---,DNS,1609,40-44,44,CO,USA,---,---,---,1.2 mi,---,---,56 mi,---,---,13.1 mi,DNS
John Petty,---,---,DNS,1051,40-44,---,GA,AUS,---,---,---,1.2 mi,---,---,56 mi,---,---,13.1 mi,DNS
Scott Pfennighausen,---,---,DNS,1052,40-44,44,CA,USA,---,---,---,1.2 mi,---,---,56 mi,---,---,13.1 mi,DNS
Jennifer Pinto,---,---,DNS,2028,35-39,39,FL,USA,---,---,---,1.2 mi,---,---,56 mi,---,---,13.1 mi,DNS
Barry Plaga,---,---,DNS,1213,50-54,54,CA,USA,---,---,---,1.2 mi,---,---,56 mi,---,---,13.1 mi,DNS
Chris Pollack,---,---,DNS,408,35-39,39,CA,USA,---,---,---,1.2 mi,---,---,56 mi,---,---,13.1 mi,DNS
Joseph Pooler,---,---,DNS,2506,45-49,49,CA,USA,---,---,---,1.2 mi,---,---,56 mi,---,---,13.1 mi,DNS
Kelan Poorman,---,---,DNS,1325,50-54,56,CA,USA,---,---,---,1.2 mi,---,---,56 mi,---,---,13.1 mi,DNS
Drew Porter,---,---,DNS,409,35-39,43,CA,USA,---,---,---,1.2 mi,---,---,56 mi,---,---,13.1 mi,DNS
Win Porter,---,---,DNF,1056,40-44,45,NC,USA,---,---,00:56:24,1.2 mi,00:07:59,03:24:41,56 mi,00:05:28,---,13.1 mi,DNF
David Pothier,---,---,DNS,1057,40-44,45,AZ,USA,---,---,---,1.2 mi,---,---,56 mi,---,---,13.1 mi,DNS
Derek Poulin,---,---,DNS,1059,40-44,44,CA,USA,---,---,---,1.2 mi,---,---,56 mi,---,---,13.1 mi,DNS
Richie Price,---,---,DNS,411,35-39,39,CA,USA,---,---,---,1.2 mi,---,---,56 mi,---,---,13.1 mi,DNS
Jacqueline Proulx,---,---,DNS,1800,45-49,48,NY,USA,---,---,---,1.2 mi,---,---,56 mi,---,---,13.1 mi,DNS
Cindy Rach,---,---,DNS,1988,65-69,69,WA,USA,---,---,---,1.2 mi,---,---,56 mi,---,---,13.1 mi,DNS
Brook Radcliffe,---,---,DNS,2829,30-34,37,CA,USA,---,---,---,1.2 mi,---,---,56 mi,---,---,13.1 mi,DNS
Luis Alberto Radilla,---,---,DNS,415,35-39,43,Estado de Mexico,MEX,---,---,---,1.2 mi,---,---,56 mi,---,---,13.1 mi,DNS
Brandy  Ramirez,---,---,DNS,2091,35-39,40,AZ,USA,---,---,---,1.2 mi,---,---,56 mi,---,---,13.1 mi,DNS
Alejandro Ramos,---,---,DNS,1481,55-59,62,---,MEX,---,---,---,1.2 mi,---,---,56 mi,---,---,13.1 mi,DNS
David Ramsay,---,---,DNS,2512,45-49,52,AB,CAN,---,---,---,1.2 mi,---,---,56 mi,---,---,13.1 mi,DNS
Lee Rand,---,---,DNS,419,35-39,43,NM,USA,---,---,---,1.2 mi,---,---,56 mi,---,---,13.1 mi,DNS
Decio Rangel,---,---,DNS,2513,45-49,50,CA,USA,---,---,---,1.2 mi,---,---,56 mi,---,---,13.1 mi,DNS
Heleen Reed,---,---,DNS,1659,40-44,47,CA,USA,---,---,---,1.2 mi,---,---,56 mi,---,---,13.1 mi,DNS
Michael Reeves,---,---,DNS,1063,40-44,48,AZ,USA,---,---,---,1.2 mi,---,---,56 mi,---,---,13.1 mi,DNS
Thad Reeves,---,---,DNS,1064,40-44,48,AZ,USA,---,---,---,1.2 mi,---,---,56 mi,---,---,13.1 mi,DNS
Timothy Regan,---,---,DNS,2516,45-49,51,NY,USA,---,---,---,1.2 mi,---,---,56 mi,---,---,13.1 mi,DNS
Ben Regin,---,---,DNF,2833,30-34,34,CA,USA,---,---,00:41:09,1.2 mi,00:08:45,03:19:49,56 mi,00:06:20,---,13.1 mi,DNF
Eric Reid,---,---,DNS,2518,45-49,49,CA,USA,---,---,---,1.2 mi,---,---,56 mi,---,---,13.1 mi,DNS
Eric Reid,---,---,DNS,1065,40-44,43,WA,USA,---,---,---,1.2 mi,---,---,56 mi,---,---,13.1 mi,DNS
Jess Reid,---,---,DNS,423,35-39,42,CA,USA,---,---,---,1.2 mi,---,---,56 mi,---,---,13.1 mi,DNS
John Reising,---,---,DNF,2519,45-49,52,CA,USA,---,---,00:57:46,1.2 mi,00:15:49,---,56 mi,---,---,13.1 mi,DNF
Scott Reutter,---,---,DNS,2837,30-34,35,CA,USA,---,---,---,1.2 mi,---,---,56 mi,---,---,13.1 mi,DNS
Ronaldo Reyes,---,---,DNS,2838,30-34,38,CA,USA,---,---,---,1.2 mi,---,---,56 mi,---,---,13.1 mi,DNS
Paul Rianda,---,---,DNS,2521,45-49,52,CA,USA,---,---,---,1.2 mi,---,---,56 mi,---,---,13.1 mi,DNS
Scott Rice,---,---,DNF,1069,40-44,48,CA,USA,---,---,00:39:05,1.2 mi,00:05:41,---,56 mi,---,---,13.1 mi,DNF
Mark Richey,---,---,DNS,1416,55-59,59,CA,USA,---,---,---,1.2 mi,---,---,56 mi,---,---,13.1 mi,DNS
Katie Rieber,---,---,DNS,2095,35-39,41,CA,USA,---,---,---,1.2 mi,---,---,56 mi,---,---,13.1 mi,DNS
Fritz Riemers,---,---,DNS,1376,50-54,58,CA,USA,---,---,---,1.2 mi,---,---,56 mi,---,---,13.1 mi,DNS
Abigail Rigney,---,---,DNS,1881,25-29,31,VA,USA,---,---,---,1.2 mi,---,---,56 mi,---,---,13.1 mi,DNS
J. Ritterbeck,---,---,DNS,428,35-39,116,---,USA,---,---,---,1.2 mi,---,---,56 mi,---,---,13.1 mi,DNS
Ana Gabriela Riva Palacio,---,---,DNS,2244,30-34,38,Intl State,MEX,---,---,---,1.2 mi,---,---,56 mi,---,---,13.1 mi,DNS
Jose Rivas Soberon,---,---,DNS,1283,50-54,55,Intl State,MEX,---,---,---,1.2 mi,---,---,56 mi,---,---,13.1 mi,DNS
Steve Robertson,---,---,DNS,1218,50-54,54,CA,USA,---,---,---,1.2 mi,---,---,56 mi,---,---,13.1 mi,DNS
Jon Robins,---,---,DNF,1569,70-74,75,CA,USA,---,---,00:36:46,1.2 mi,00:10:41,03:14:52,56 mi,---,---,13.1 mi,DNF
Nathan Robinson,---,---,DNS,2840,30-34,34,CA,USA,---,---,---,1.2 mi,---,---,56 mi,---,---,13.1 mi,DNS
Rene Rodarte,---,---,DNF,1461,55-59,61,---,USA,---,---,00:52:06,1.2 mi,00:06:09,---,56 mi,---,---,13.1 mi,DNF
Dan Rodriguez,---,---,DNS,2524,45-49,51,CA,USA,---,---,---,1.2 mi,---,---,56 mi,---,---,13.1 mi,DNS
Chad Rose,---,---,DNS,1077,40-44,46,AZ,USA,---,---,---,1.2 mi,---,---,56 mi,---,---,13.1 mi,DNS
Stephen Rose,---,---,DNS,1284,50-54,54,CA,USA,---,---,---,1.2 mi,---,---,56 mi,---,---,13.1 mi,DNS
Miles Rosemire,---,---,DNS,432,35-39,40,CA,USA,---,---,---,1.2 mi,---,---,56 mi,---,---,13.1 mi,DNS
Kathlene Rosier,---,---,DNS,1660,40-44,45,AZ,USA,---,---,---,1.2 mi,---,---,56 mi,---,---,13.1 mi,DNS
Julia Rossi,---,---,DNF,1882,25-29,29,CA,USA,---,---,00:32:09,1.2 mi,00:04:57,02:46:37,56 mi,---,---,13.1 mi,DNF
Dmitry Rostyagaev,---,---,DNS,45,PRO,28,---,RUS,---,---,---,1.2 mi,---,---,56 mi,---,---,13.1 mi,DNS
Sean Rowley,---,---,DNS,2845,30-34,34,HI,USA,---,---,---,1.2 mi,---,---,56 mi,---,---,13.1 mi,DNS
Lisa Rubenstein,---,---,DNS,1980,60-64,67,CA,USA,---,---,---,1.2 mi,---,---,56 mi,---,---,13.1 mi,DNS
Dan Rudd,---,---,DNS,1222,50-54,54,CA,USA,---,---,---,1.2 mi,---,---,56 mi,---,---,13.1 mi,DNS
Anthony Ruggeri,---,---,DNF,2846,30-34,34,TX,USA,---,---,00:46:15,1.2 mi,00:11:01,03:21:40,56 mi,---,---,13.1 mi,DNF
Bonnie Rumble,---,---,DNS,1958,50-54,54,CA,USA,---,---,---,1.2 mi,---,---,56 mi,---,---,13.1 mi,DNS
R. Case Runolfson,---,---,DNS,1442,55-59,60,VA,USA,---,---,---,1.2 mi,---,---,56 mi,---,---,13.1 mi,DNS
Andy Rusk,---,---,DNS,2529,45-49,48,AZ,USA,---,---,---,1.2 mi,---,---,56 mi,---,---,13.1 mi,DNS
Alex Russell,---,---,DNS,2849,30-34,38,AZ,USA,---,---,---,1.2 mi,---,---,56 mi,---,---,13.1 mi,DNS
Bart Ryder,---,---,DNS,1378,50-54,58,CA,USA,---,---,---,1.2 mi,---,---,56 mi,---,---,13.1 mi,DNS
Maher Salah,---,---,DNS,2530,45-49,49,AZ,USA,---,---,---,1.2 mi,---,---,56 mi,---,---,13.1 mi,DNS
Juan Sanchez,---,---,DNS,669,25-29,29,Guatemala,GTM,---,---,---,1.2 mi,---,---,56 mi,---,---,13.1 mi,DNS
Raul Santaella,---,---,DNS,2851,30-34,37,FL,DOM,---,---,---,1.2 mi,---,---,56 mi,---,---,13.1 mi,DNS
Nuno Santos,---,---,DNS,1087,40-44,47,Intl State,PRT,---,---,---,1.2 mi,---,---,56 mi,---,---,13.1 mi,DNS
Ryan Sather,---,---,DNS,444,35-39,41,CA,USA,---,---,---,1.2 mi,---,---,56 mi,---,---,13.1 mi,DNS
Wayne Saville,---,---,DNS,1224,50-54,54,CA,USA,---,---,---,1.2 mi,---,---,56 mi,---,---,13.1 mi,DNS
Darren Schecter,---,---,DNS,2853,30-34,37,CA,USA,---,---,---,1.2 mi,---,---,56 mi,---,---,13.1 mi,DNS
Jamie Schuster,---,---,DNS,2246,30-34,34,CA,USA,---,---,---,1.2 mi,---,---,56 mi,---,---,13.1 mi,DNS
Thomas Scott,---,---,DNS,2539,45-49,52,CA,USA,---,---,---,1.2 mi,---,---,56 mi,---,---,13.1 mi,DNS
Lynn Scozzari,---,---,DNS,1962,50-54,55,CA,USA,---,---,---,1.2 mi,---,---,56 mi,---,---,13.1 mi,DNS
Adrienne Seal,---,---,DNS,1809,45-49,51,CO,USA,---,---,---,1.2 mi,---,---,56 mi,---,---,13.1 mi,DNS
Jeremy Searle,---,---,DNS,2857,30-34,34,CA,USA,---,---,---,1.2 mi,---,---,56 mi,---,---,13.1 mi,DNS
Christopher Segler,---,---,DNS,1090,40-44,48,CA,USA,---,---,---,1.2 mi,---,---,56 mi,---,---,13.1 mi,DNS
Daniel Senft,---,---,DNS,2859,30-34,38,NY,USA,---,---,---,1.2 mi,---,---,56 mi,---,---,13.1 mi,DNS
Victoria Shaheen,---,---,DNS,2103,35-39,41,NY,USA,---,---,---,1.2 mi,---,---,56 mi,---,---,13.1 mi,DNS
Mimi Shaps,---,---,DNS,2289,55-59,60,AZ,USA,---,---,---,1.2 mi,---,---,56 mi,---,---,13.1 mi,DNS
Brittany Shaw,---,---,DNS,1886,25-29,32,MD,USA,---,---,---,1.2 mi,---,---,56 mi,---,---,13.1 mi,DNS
Ryan Shaw,---,---,DNS,672,25-29,32,---,USA,---,---,---,1.2 mi,---,---,56 mi,---,---,13.1 mi,DNS
Fred Sheppard,---,---,DNS,453,35-39,42,CA,USA,---,---,---,1.2 mi,---,---,56 mi,---,---,13.1 mi,DNS
Irina Shestakova,---,---,DNF,1671,40-44,44,CA,USA,---,---,01:31:38,1.2 mi,00:09:37,---,56 mi,---,---,13.1 mi,DNF
Desmund Shirazi,---,---,DNS,2542,45-49,51,CA,USA,---,---,---,1.2 mi,---,---,56 mi,---,---,13.1 mi,DNS
Kristen Shirkey,---,---,DNS,1888,25-29,30,AK,USA,---,---,---,1.2 mi,---,---,56 mi,---,---,13.1 mi,DNS
Azadeh Shladovsky,---,---,DNS,1672,40-44,46,CA,USA,---,---,---,1.2 mi,---,---,56 mi,---,---,13.1 mi,DNS
Matthew Short,---,---,DNS,1095,40-44,44,CA,USA,---,---,---,1.2 mi,---,---,56 mi,---,---,13.1 mi,DNS
Matthew Shortal,---,---,DNS,1096,40-44,44,CA,USA,---,---,---,1.2 mi,---,---,56 mi,---,---,13.1 mi,DNS
Christine Silcox,---,---,DNS,1673,40-44,48,---,USA,---,---,---,1.2 mi,---,---,56 mi,---,---,13.1 mi,DNS
Arlene Silvers,---,---,DNS,1963,50-54,55,CA,USA,---,---,---,1.2 mi,---,---,56 mi,---,---,13.1 mi,DNS
Troy Skinner,---,---,DNS,2865,30-34,35,CA,USA,---,---,---,1.2 mi,---,---,56 mi,---,---,13.1 mi,DNS
Michael Slavens,---,---,DNS,2547,45-49,49,CA,USA,---,---,---,1.2 mi,---,---,56 mi,---,---,13.1 mi,DNS
John Slinger,---,---,DNS,1099,40-44,44,CA,USA,---,---,---,1.2 mi,---,---,56 mi,---,---,13.1 mi,DNS
Dan Slipkowsky,---,---,DNS,2548,45-49,51,CA,USA,---,---,---,1.2 mi,---,---,56 mi,---,---,13.1 mi,DNS
Margaret Slupska,---,---,DNS,1964,50-54,57,CA,USA,---,---,---,1.2 mi,---,---,56 mi,---,---,13.1 mi,DNS
Curtis Smith,---,---,DNS,2867,30-34,37,CA,USA,---,---,---,1.2 mi,---,---,56 mi,---,---,13.1 mi,DNS
Edward Smith,---,---,DNS,1509,60-64,63,CA,USA,---,---,---,1.2 mi,---,---,56 mi,---,---,13.1 mi,DNS
Lacey Smithberg,---,---,DNS,2250,30-34,34,CA,USA,---,---,---,1.2 mi,---,---,56 mi,---,---,13.1 mi,DNS
David Smotrich,---,---,DNS,2551,45-49,53,CA,USA,---,---,---,1.2 mi,---,---,56 mi,---,---,13.1 mi,DNS
Mikael Sneward,---,---,DNS,1106,40-44,45,CA,USA,---,---,---,1.2 mi,---,---,56 mi,---,---,13.1 mi,DNS
Deanna Snyder,---,---,DNS,1675,40-44,47,CA,USA,---,---,---,1.2 mi,---,---,56 mi,---,---,13.1 mi,DNS
Frank Sole,---,---,DNS,1464,55-59,61,AZ,USA,---,---,---,1.2 mi,---,---,56 mi,---,---,13.1 mi,DNS
Jeff Solomon,---,---,DNS,1107,40-44,45,CA,USA,---,---,---,1.2 mi,---,---,56 mi,---,---,13.1 mi,DNS
Michael Soma,---,---,DNS,1380,50-54,58,MA,USA,---,---,---,1.2 mi,---,---,56 mi,---,---,13.1 mi,DNS
Allan Soto,---,---,DNS,1109,40-44,44,CA,USA,---,---,---,1.2 mi,---,---,56 mi,---,---,13.1 mi,DNS
Craig Spreadbury,---,---,DNF,462,35-39,38,CA,USA,---,---,00:30:02,1.2 mi,00:03:01,---,56 mi,---,---,13.1 mi,DNF
Christine Squillaci,---,---,DNF,1678,40-44,48,CA,USA,---,---,00:59:10,1.2 mi,00:08:50,---,56 mi,---,---,13.1 mi,DNF
Peter Staiger,---,---,DNS,463,35-39,40,OR,USA,---,---,---,1.2 mi,---,---,56 mi,---,---,13.1 mi,DNS
David Stainton,---,---,DNS,1110,40-44,44,CA,USA,---,---,---,1.2 mi,---,---,56 mi,---,---,13.1 mi,DNS
Philip Stec,---,---,DNS,2872,30-34,35,IL,USA,---,---,---,1.2 mi,---,---,56 mi,---,---,13.1 mi,DNS
Heraldo Stefanon,---,---,DNS,2556,45-49,52,CA,USA,---,---,---,1.2 mi,---,---,56 mi,---,---,13.1 mi,DNS
Anthony Stevens,---,---,DNS,1113,40-44,46,CA,USA,---,---,---,1.2 mi,---,---,56 mi,---,---,13.1 mi,DNS
Peggy Stevens,---,---,DNS,2291,55-59,60,CA,USA,---,---,---,1.2 mi,---,---,56 mi,---,---,13.1 mi,DNS
Richard Stevenson,---,---,DNS,2559,45-49,52,PA,USA,---,---,---,1.2 mi,---,---,56 mi,---,---,13.1 mi,DNS
Shannon Stewart,---,---,DNS,2109,35-39,41,CA,USA,---,---,---,1.2 mi,---,---,56 mi,---,---,13.1 mi,DNS
Andrew Stiles,---,---,DNS,1114,40-44,48,FL,USA,---,---,---,1.2 mi,---,---,56 mi,---,---,13.1 mi,DNS
Laura Stomber,---,---,DNS,1891,25-29,30,CA,USA,---,---,---,1.2 mi,---,---,56 mi,---,---,13.1 mi,DNS
Mike Stotland,---,---,DNS,681,25-29,30,CA,USA,---,---,---,1.2 mi,---,---,56 mi,---,---,13.1 mi,DNS
Meredith Stumpo,---,---,DNF,2111,35-39,42,CA,USA,---,---,00:40:14,1.2 mi,00:04:59,02:47:41,56 mi,00:07:45,---,13.1 mi,DNF
Brian Sullivan,---,---,DNS,2560,45-49,48,CA,USA,---,---,---,1.2 mi,---,---,56 mi,---,---,13.1 mi,DNS
Kevin Sullivan,---,---,DNS,1229,50-54,54,CA,USA,---,---,---,1.2 mi,---,---,56 mi,---,---,13.1 mi,DNS
Faizel Sunderji,---,---,DNS,467,35-39,43,AB,CAN,---,---,---,1.2 mi,---,---,56 mi,---,---,13.1 mi,DNS
Steve Swanlund,---,---,DNS,2562,45-49,50,WA,USA,---,---,---,1.2 mi,---,---,56 mi,---,---,13.1 mi,DNS
Nicole Sweetland,---,---,DNF,1683,40-44,45,CA,USA,---,---,00:38:30,1.2 mi,00:06:27,---,56 mi,---,---,13.1 mi,DNF
Richard Swetonic,---,---,DNS,2564,45-49,52,AZ,USA,---,---,---,1.2 mi,---,---,56 mi,---,---,13.1 mi,DNS
Danielle Swiderski,---,---,DNF,2114,35-39,42,CA,USA,---,---,00:58:21,1.2 mi,00:09:08,---,56 mi,---,---,13.1 mi,DNF
Jeff Symonds,---,---,DNF,16,PRO,30,BC,CAN,---,---,00:25:33,1.2 mi,00:02:10,---,56 mi,---,---,13.1 mi,DNF
John Szczepanowski ,---,---,DNF,1120,40-44,47,CA,USA,---,---,00:47:34,1.2 mi,00:08:21,03:15:04,56 mi,---,---,13.1 mi,DNF
Stacy Tager,---,---,DNF,1816,45-49,50,CA,USA,---,---,00:46:26,1.2 mi,00:09:45,04:31:39,56 mi,---,---,13.1 mi,DNF
Eric Taitano,---,---,DNS,1121,40-44,48,CA,USA,---,---,---,1.2 mi,---,---,56 mi,---,---,13.1 mi,DNS
Stan Talbott,---,---,DNS,2566,45-49,53,OR,USA,---,---,---,1.2 mi,---,---,56 mi,---,---,13.1 mi,DNS
Marc Tanguay,---,---,DNF,2567,45-49,49,CA,USA,---,---,00:50:30,1.2 mi,00:07:49,---,56 mi,---,---,13.1 mi,DNF
Stephanie Tanimoto,---,---,DNS,1892,25-29,31,CA,USA,---,---,---,1.2 mi,---,---,56 mi,---,---,13.1 mi,DNS
Scott Tarde,---,---,DNF,469,35-39,39,CA,USA,---,---,00:59:50,1.2 mi,00:15:14,---,56 mi,04:01:36,---,13.1 mi,DNF
James Taylor,---,---,DNS,684,25-29,29,AZ,USA,---,---,---,1.2 mi,---,---,56 mi,---,---,13.1 mi,DNS
Mckenzi Taylor,---,---,DNS,1893,25-29,31,CA,USA,---,---,---,1.2 mi,---,---,56 mi,---,---,13.1 mi,DNS
Steve Taylor,---,---,DNS,1124,40-44,47,---,USA,---,---,---,1.2 mi,---,---,56 mi,---,---,13.1 mi,DNS
Brett Terrell,---,---,DNS,1326,50-54,56,CA,USA,---,---,---,1.2 mi,---,---,56 mi,---,---,13.1 mi,DNS
Gina Terrones,---,---,DNS,2117,35-39,38,CA,USA,---,---,---,1.2 mi,---,---,56 mi,---,---,13.1 mi,DNS
Quincy Thacker,---,---,DNF,1126,40-44,43,CA,USA,---,---,01:15:38,1.2 mi,00:15:18,---,56 mi,---,---,13.1 mi,DNF
Bob Thews,---,---,DNS,2570,45-49,52,CA,USA,---,---,---,1.2 mi,---,---,56 mi,---,---,13.1 mi,DNS
Karen Thibodeau,---,---,DNF,76,PRO,37,BC,CAN,---,---,00:27:52,1.2 mi,00:02:49,---,56 mi,06:12:23,---,13.1 mi,DNF
Chris Thomas,---,---,DNS,2572,45-49,51,CO,USA,---,---,---,1.2 mi,---,---,56 mi,---,---,13.1 mi,DNS
Maria Thompson,---,---,DNS,2119,35-39,40,CA,USA,---,---,---,1.2 mi,---,---,56 mi,---,---,13.1 mi,DNS
William Timmins,---,---,DNS,1231,50-54,54,MA,USA,---,---,---,1.2 mi,---,---,56 mi,---,---,13.1 mi,DNS
Steven Tipp,---,---,DNS,2575,45-49,50,WA,USA,---,---,---,1.2 mi,---,---,56 mi,---,---,13.1 mi,DNS
Magali Tisseyre,---,---,DNF,57,PRO,34,CA,CAN,---,---,00:27:45,1.2 mi,00:02:36,---,56 mi,05:18:25,---,13.1 mi,DNF
Robert Tomkinson,---,---,DNS,1132,40-44,45,CA,USA,---,---,---,1.2 mi,---,---,56 mi,---,---,13.1 mi,DNS
Keith Torluemke,---,---,DNS,685,25-29,31,CA,USA,---,---,---,1.2 mi,---,---,56 mi,---,---,13.1 mi,DNS
John Torres,---,---,DNF,1327,50-54,55,CA,USA,---,---,00:37:00,1.2 mi,00:08:36,03:40:43,56 mi,00:04:53,---,13.1 mi,DNF
Paola Torretti,---,---,DNS,1822,45-49,52,italy,ITA,---,---,---,1.2 mi,---,---,56 mi,---,---,13.1 mi,DNS
Eddy Torriente,---,---,DNS,477,35-39,40,AZ,USA,---,---,---,1.2 mi,---,---,56 mi,---,---,13.1 mi,DNS
Melissa Torykian,---,---,DNS,2121,35-39,42,CT,USA,---,---,---,1.2 mi,---,---,56 mi,---,---,13.1 mi,DNS
Christine Toy,---,---,DNS,1692,40-44,47,CA,USA,---,---,---,1.2 mi,---,---,56 mi,---,---,13.1 mi,DNS
Larry Trampel,---,---,DNS,2877,30-34,35,CA,USA,---,---,---,1.2 mi,---,---,56 mi,---,---,13.1 mi,DNS
Kevin Tran,---,---,DNS,1135,40-44,46,---,USA,---,---,---,1.2 mi,---,---,56 mi,---,---,13.1 mi,DNS
Jessica Travis,---,---,DNS,2122,35-39,43,AZ,USA,---,---,---,1.2 mi,---,---,56 mi,---,---,13.1 mi,DNS
Carlos Trejo,---,---,DNS,2578,45-49,52,Edo. de Mexico,MEX,---,---,---,1.2 mi,---,---,56 mi,---,---,13.1 mi,DNS
Natalie Trevithick,---,---,DNS,2123,35-39,42,CA,USA,---,---,---,1.2 mi,---,---,56 mi,---,---,13.1 mi,DNS
Serena Trice,---,---,DNS,2124,35-39,39,CA,USA,---,---,---,1.2 mi,---,---,56 mi,---,---,13.1 mi,DNS
Rhonda Tudor,---,---,DNS,2293,55-59,61,CA,USA,---,---,---,1.2 mi,---,---,56 mi,---,---,13.1 mi,DNS
Casey Turner,---,---,DNS,2882,30-34,34,CA,USA,---,---,---,1.2 mi,---,---,56 mi,---,---,13.1 mi,DNS
Michel Turner,---,---,DNS,1693,40-44,45,AZ,USA,---,---,---,1.2 mi,---,---,56 mi,---,---,13.1 mi,DNS
Hitoshi Ueda,---,---,DNS,1561,65-69,54,AZ,USA,---,---,---,1.2 mi,---,---,56 mi,---,---,13.1 mi,DNS
Steve Vail,---,---,DNF,1139,40-44,44,CA,USA,---,---,00:35:00,1.2 mi,00:04:24,02:47:39,56 mi,---,---,13.1 mi,DNF
Christine Valladolid,---,---,DNS,1694,40-44,47,---,USA,---,---,---,1.2 mi,---,---,56 mi,---,---,13.1 mi,DNS
Leonardo Valle,---,---,DNS,483,35-39,41,Intl State,MEX,---,---,---,1.2 mi,---,---,56 mi,---,---,13.1 mi,DNS
Tina Valle,---,---,DNF,1896,25-29,32,CA,USA,---,---,00:40:05,1.2 mi,00:03:55,---,56 mi,---,---,13.1 mi,DNF
Antonio Valverde,---,---,DNS,2883,30-34,35,rj,BRA,---,---,---,1.2 mi,---,---,56 mi,---,---,13.1 mi,DNS
Tim Van Berkel,---,---,DNS,4,PRO,32,NSW,AUS,---,---,---,1.2 mi,---,---,56 mi,---,---,13.1 mi,DNS
Rose Vanduzer,---,---,DNS,2295,55-59,58,CA,USA,---,---,---,1.2 mi,---,---,56 mi,---,---,13.1 mi,DNS
David Vasquez,---,---,DNS,2885,30-34,34,Intl State,GTM,---,---,---,1.2 mi,---,---,56 mi,---,---,13.1 mi,DNS
Eric Vaughan,---,---,DNS,489,35-39,42,WY,USA,---,---,---,1.2 mi,---,---,56 mi,---,---,13.1 mi,DNS
Branson Veal,---,---,DNS,1233,50-54,54,WA,USA,---,---,---,1.2 mi,---,---,56 mi,---,---,13.1 mi,DNS
Juan Velazquez,---,---,DNS,1467,55-59,61,---,MEX,---,---,---,1.2 mi,---,---,56 mi,---,---,13.1 mi,DNS
Jennifer Vera,---,---,DNS,1695,40-44,44,CA,USA,---,---,---,1.2 mi,---,---,56 mi,---,---,13.1 mi,DNS
Tina Vesper,---,---,DNS,1970,50-54,55,WA,USA,---,---,---,1.2 mi,---,---,56 mi,---,---,13.1 mi,DNS
Luis Villavicencio,---,---,DNS,1146,40-44,44,---,GTM,---,---,---,1.2 mi,---,---,56 mi,---,---,13.1 mi,DNS
Ivy Viola,---,---,DNS,2127,35-39,39,CA,USA,---,---,---,1.2 mi,---,---,56 mi,---,---,13.1 mi,DNS
Ray Anthony Vizcarra,---,---,DNF,2887,30-34,34,AZ,USA,---,---,01:06:30,1.2 mi,00:08:05,---,56 mi,---,---,13.1 mi,DNF
Jan Vobecky,---,---,DNS,2888,30-34,36,CA,USA,---,---,---,1.2 mi,---,---,56 mi,---,---,13.1 mi,DNS
Steve Volland,---,---,DNS,1562,65-69,71,CA,USA,---,---,---,1.2 mi,---,---,56 mi,---,---,13.1 mi,DNS
Jim Von Hipple DC,---,---,DNF,2586,45-49,51,CA,USA,---,---,00:59:12,1.2 mi,00:13:06,---,56 mi,---,---,13.1 mi,DNF
Tara Wachter,---,---,DNS,2128,35-39,39,CA,USA,---,---,---,1.2 mi,---,---,56 mi,---,---,13.1 mi,DNS
Heather Wajer,---,---,DNF,2129,35-39,43,TX,USA,---,---,00:45:20,1.2 mi,00:05:29,02:56:41,56 mi,---,---,13.1 mi,DNF
Lee Wald,---,---,DNS,2589,45-49,52,CA,USA,---,---,---,1.2 mi,---,---,56 mi,---,---,13.1 mi,DNS
Kathleen Walker,---,---,DNS,2131,35-39,43,CA,USA,---,---,---,1.2 mi,---,---,56 mi,---,---,13.1 mi,DNS
Paul Walker,---,---,DNS,1151,40-44,45,CA,USA,---,---,---,1.2 mi,---,---,56 mi,---,---,13.1 mi,DNS
Corrinne Wallace,---,---,DNS,1697,40-44,47,CA,USA,---,---,---,1.2 mi,---,---,56 mi,---,---,13.1 mi,DNS
Farris Walling,---,---,DNS,1897,25-29,33,AZ,USA,---,---,---,1.2 mi,---,---,56 mi,---,---,13.1 mi,DNS
Jennifer Walls,---,---,DNS,1898,25-29,32,VA,USA,---,---,---,1.2 mi,---,---,56 mi,---,---,13.1 mi,DNS
James Walsh,---,---,DNS,2891,30-34,36,GA,USA,---,---,---,1.2 mi,---,---,56 mi,---,---,13.1 mi,DNS
Rodney Walters,---,---,DNS,1154,40-44,47,CA,USA,---,---,---,1.2 mi,---,---,56 mi,---,---,13.1 mi,DNS
Dennis Wang,---,---,DNF,1155,40-44,47,NV,USA,---,---,00:42:14,1.2 mi,00:08:30,03:35:04,56 mi,00:06:33,---,13.1 mi,DNF
Doug Ward,---,---,DNS,2893,30-34,36,---,GBR,---,---,---,1.2 mi,---,---,56 mi,---,---,13.1 mi,DNS
Chase Watts,---,---,DNS,1159,40-44,48,CA,USA,---,---,---,1.2 mi,---,---,56 mi,---,---,13.1 mi,DNS
Joey Webb,---,---,DNS,1360,50-54,57,CA,USA,---,---,---,1.2 mi,---,---,56 mi,---,---,13.1 mi,DNS
Noah Webb,---,---,DNS,493,35-39,43,CA,USA,---,---,---,1.2 mi,---,---,56 mi,---,---,13.1 mi,DNS
Sandy Webster,---,---,DNS,1826,45-49,51,CA,USA,---,---,---,1.2 mi,---,---,56 mi,---,---,13.1 mi,DNS
Rose Weckenmann,---,---,DNS,2132,35-39,39,CA,USA,---,---,---,1.2 mi,---,---,56 mi,---,---,13.1 mi,DNS
Mark Weinberg,---,---,DNS,1292,50-54,55,CA,USA,---,---,---,1.2 mi,---,---,56 mi,---,---,13.1 mi,DNS
Calvin Weis,---,---,DNS,495,35-39,42,CA,USA,---,---,---,1.2 mi,---,---,56 mi,---,---,13.1 mi,DNS
David Wells,---,---,DNS,1423,55-59,59,CA,USA,---,---,---,1.2 mi,---,---,56 mi,---,---,13.1 mi,DNS
Mark Wells,---,---,DNS,2593,45-49,53,CA,USA,---,---,---,1.2 mi,---,---,56 mi,---,---,13.1 mi,DNS
Matt Wesenberg,---,---,DNF,2894,30-34,34,MN,USA,---,---,00:37:25,1.2 mi,00:05:35,03:16:56,56 mi,---,---,13.1 mi,DNF
Ron Whitehead,---,---,DNS,2597,45-49,53,CA,USA,---,---,---,1.2 mi,---,---,56 mi,---,---,13.1 mi,DNS
Edgar Whitmore Iii,---,---,DNS,1164,40-44,48,CA,USA,---,---,---,1.2 mi,---,---,56 mi,---,---,13.1 mi,DNS
Shane Whitworth,---,---,DNF,497,35-39,42,TX,USA,---,---,00:36:53,1.2 mi,00:09:38,03:22:27,56 mi,---,---,13.1 mi,DNF
Chris Wiegand,---,---,DNS,498,35-39,42,OR,USA,---,---,---,1.2 mi,---,---,56 mi,---,---,13.1 mi,DNS
Jana Wiemann,---,---,DNS,1828,45-49,51,CA,USA,---,---,---,1.2 mi,---,---,56 mi,---,---,13.1 mi,DNS
Ken Wilhelm,---,---,DNS,1165,40-44,47,CA,USA,---,---,---,1.2 mi,---,---,56 mi,---,---,13.1 mi,DNS
Robert Wilkin,---,---,DNS,1295,50-54,55,ID,USA,---,---,---,1.2 mi,---,---,56 mi,---,---,13.1 mi,DNS
Amanda Williams,---,---,DNS,2133,35-39,39,OR,USA,---,---,---,1.2 mi,---,---,56 mi,---,---,13.1 mi,DNS
Nichole Williams,---,---,DNS,1902,25-29,33,---,MEX,---,---,---,1.2 mi,---,---,56 mi,---,---,13.1 mi,DNS
Valerie Williams,---,---,DNS,1973,50-54,55,NV,USA,---,---,---,1.2 mi,---,---,56 mi,---,---,13.1 mi,DNS
Michael Willis,---,---,DNS,1234,50-54,54,CA,USA,---,---,---,1.2 mi,---,---,56 mi,---,---,13.1 mi,DNS
Matthew Wilson,---,---,DNF,1168,40-44,44,CA,USA,---,---,00:39:49,1.2 mi,00:05:02,02:58:25,56 mi,00:03:15,---,13.1 mi,DNF
Mirene Winsberg,---,---,DNS,1830,45-49,50,---,USA,---,---,---,1.2 mi,---,---,56 mi,---,---,13.1 mi,DNS
Alan Winters,---,---,DNS,1235,50-54,54,CA,USA,---,---,---,1.2 mi,---,---,56 mi,---,---,13.1 mi,DNS
Brad Wise,---,---,DNS,1169,40-44,45,CA,USA,---,---,---,1.2 mi,---,---,56 mi,---,---,13.1 mi,DNS
Victor Wong,---,---,DNS,2906,30-34,36,CA,CAN,---,---,---,1.2 mi,---,---,56 mi,---,---,13.1 mi,DNS
Charlie Woodhouse,---,---,DNS,1540,60-64,67,AZ,USA,---,---,---,1.2 mi,---,---,56 mi,---,---,13.1 mi,DNS
Leishia Woolwine,---,---,DNS,1704,40-44,47,CA,USA,---,---,---,1.2 mi,---,---,56 mi,---,---,13.1 mi,DNS
James Wu,---,---,DNS,2605,45-49,53,CA,USA,---,---,---,1.2 mi,---,---,56 mi,---,---,13.1 mi,DNS
Ballardo Wug,---,---,DNF,506,35-39,42,---,GTM,---,---,00:47:19,1.2 mi,00:10:58,02:56:21,56 mi,---,---,13.1 mi,DNF
Trevor Yates,---,---,DNS,2912,30-34,37,OR,USA,---,---,---,1.2 mi,---,---,56 mi,---,---,13.1 mi,DNS
Eugene Yeo,---,---,DNS,510,35-39,39,CA,USA,---,---,---,1.2 mi,---,---,56 mi,---,---,13.1 mi,DNS
Becky Yim,---,---,DNS,1708,40-44,47,AZ,USA,---,---,---,1.2 mi,---,---,56 mi,---,---,13.1 mi,DNS
Daron Youngberg,---,---,DNS,511,35-39,40,CA,USA,---,---,---,1.2 mi,---,---,56 mi,---,---,13.1 mi,DNS
Aj Yue,---,---,DNS,1237,50-54,54,CA,USA,---,---,---,1.2 mi,---,---,56 mi,---,---,13.1 mi,DNS
Jose Yvellez,---,---,DNS,1170,40-44,44,---,USA,---,---,---,1.2 mi,---,---,56 mi,---,---,13.1 mi,DNS
Alexis Zabaco,---,---,DNS,1171,40-44,44,TX,USA,---,---,---,1.2 mi,---,---,56 mi,---,---,13.1 mi,DNS
Benny Zafrani,---,---,DNS,1172,40-44,44,CA,USA,---,---,---,1.2 mi,---,---,56 mi,---,---,13.1 mi,DNS
Adam Zalewski,---,---,DNF,1173,40-44,43,CA,USA,---,---,00:32:50,1.2 mi,00:05:43,02:45:09,56 mi,---,---,13.1 mi,DNF
Alfonso Zatarain,---,---,DNS,1174,40-44,44,Intl State,MEX,---,---,---,1.2 mi,---,---,56 mi,---,---,13.1 mi,DNS
Christina Zdenek,---,---,DNS,1904,25-29,31,CA,USA,---,---,---,1.2 mi,---,---,56 mi,---,---,13.1 mi,DNS
George Zdravecky,---,---,DNS,2608,45-49,53,TN,USA,---,---,---,1.2 mi,---,---,56 mi,---,---,13.1 mi,DNS
Alfonso Zermeno,---,---,DNS,2916,30-34,38,Intl State,MEX,---,---,---,1.2 mi,---,---,56 mi,---,---,13.1 mi,DNS
Joseph Zitar,---,---,DNS,1177,40-44,47,AZ,USA,---,---,---,1.2 mi,---,---,56 mi,---,---,13.1 mi,DNS
